LABEL	POS_CNT	THRESHOLD	FOLD	ACCURACY	PRECISION	RECALL	F1
BioTech	185	0.00	0	0.0594	0.0594	1.0000	0.1121
BioTech	185	0.05	0	0.5072	0.1053	0.9730	0.1900
BioTech	185	0.10	0	0.9213	0.4286	0.9730	0.5950
BioTech	185	0.15	0	0.9551	0.5738	0.9459	0.7143
BioTech	185	0.20	0	0.9695	0.6800	0.9189	0.7816
BioTech	185	0.25	0	0.9727	0.7083	0.9189	0.8000
BioTech	185	0.30	0	0.9727	0.7083	0.9189	0.8000
BioTech	185	0.35	0	0.9775	0.7556	0.9189	0.8293
BioTech	185	0.40	0	0.9775	0.7556	0.9189	0.8293
BioTech	185	0.45	0	0.9775	0.7674	0.8919	0.8250
BioTech	185	0.50	0	0.9775	0.7674	0.8919	0.8250
BioTech	185	0.55	0	0.9775	0.7805	0.8649	0.8205
BioTech	185	0.60	0	0.9727	0.7778	0.7568	0.7671
BioTech	185	0.65	0	0.9727	0.7778	0.7568	0.7671
BioTech	185	0.70	0	0.9679	0.7576	0.6757	0.7143
BioTech	185	0.75	0	0.9647	0.7586	0.5946	0.6667
BioTech	185	0.80	0	0.9631	0.7692	0.5405	0.6349
BioTech	185	0.85	0	0.9631	0.7917	0.5135	0.6230
BioTech	185	0.90	0	0.9502	0.7143	0.2703	0.3922
BioTech	185	0.95	0	0.9454	0.6364	0.1892	0.2917
BioTech	185	1.00	0	0.9406	0.0000	0.0000	0.0000
BioTech	185	0.00	1	0.0594	0.0594	1.0000	0.1121
BioTech	185	0.05	1	0.4719	0.1011	1.0000	0.1836
BioTech	185	0.10	1	0.8748	0.3217	1.0000	0.4868
BioTech	185	0.15	1	0.9230	0.4353	1.0000	0.6066
BioTech	185	0.20	1	0.9518	0.5556	0.9459	0.7000
BioTech	185	0.25	1	0.9711	0.6863	0.9459	0.7955
BioTech	185	0.30	1	0.9759	0.7391	0.9189	0.8193
BioTech	185	0.35	1	0.9807	0.8205	0.8649	0.8421
BioTech	185	0.40	1	0.9823	0.8611	0.8378	0.8493
BioTech	185	0.45	1	0.9856	0.9375	0.8108	0.8696
BioTech	185	0.50	1	0.9856	0.9667	0.7838	0.8657
BioTech	185	0.55	1	0.9839	0.9655	0.7568	0.8485
BioTech	185	0.60	1	0.9839	1.0000	0.7297	0.8437
BioTech	185	0.65	1	0.9839	1.0000	0.7297	0.8437
BioTech	185	0.70	1	0.9839	1.0000	0.7297	0.8437
BioTech	185	0.75	1	0.9823	1.0000	0.7027	0.8254
BioTech	185	0.80	1	0.9775	1.0000	0.6216	0.7667
BioTech	185	0.85	1	0.9743	1.0000	0.5676	0.7241
BioTech	185	0.90	1	0.9695	1.0000	0.4865	0.6545
BioTech	185	0.95	1	0.9567	1.0000	0.2703	0.4255
BioTech	185	1.00	1	0.9406	0.0000	0.0000	0.0000
BioTech	185	0.00	2	0.0594	0.0594	1.0000	0.1121
BioTech	185	0.05	2	0.4238	0.0934	1.0000	0.1709
BioTech	185	0.10	2	0.8571	0.2937	1.0000	0.4540
BioTech	185	0.15	2	0.9262	0.4416	0.9189	0.5965
BioTech	185	0.20	2	0.9390	0.4925	0.8919	0.6346
BioTech	185	0.25	2	0.9615	0.6275	0.8649	0.7273
BioTech	185	0.30	2	0.9759	0.7619	0.8649	0.8101
BioTech	185	0.35	2	0.9839	0.9091	0.8108	0.8571
BioTech	185	0.40	2	0.9839	0.9355	0.7838	0.8529
BioTech	185	0.45	2	0.9839	0.9355	0.7838	0.8529
BioTech	185	0.50	2	0.9839	0.9355	0.7838	0.8529
BioTech	185	0.55	2	0.9823	0.9333	0.7568	0.8358
BioTech	185	0.60	2	0.9807	0.9310	0.7297	0.8182
BioTech	185	0.65	2	0.9791	0.9286	0.7027	0.8000
BioTech	185	0.70	2	0.9743	0.9200	0.6216	0.7419
BioTech	185	0.75	2	0.9711	0.9524	0.5405	0.6897
BioTech	185	0.80	2	0.9695	0.9500	0.5135	0.6667
BioTech	185	0.85	2	0.9631	0.9375	0.4054	0.5660
BioTech	185	0.90	2	0.9631	1.0000	0.3784	0.5490
BioTech	185	0.95	2	0.9551	1.0000	0.2432	0.3913
BioTech	185	1.00	2	0.9406	0.0000	0.0000	0.0000
BioTech	185	0.00	3	0.0594	0.0594	1.0000	0.1121
BioTech	185	0.05	3	0.4510	0.0976	1.0000	0.1779
BioTech	185	0.10	3	0.8812	0.3271	0.9459	0.4861
BioTech	185	0.15	3	0.9406	0.5000	0.8649	0.6337
BioTech	185	0.20	3	0.9583	0.6122	0.8108	0.6977
BioTech	185	0.25	3	0.9679	0.7179	0.7568	0.7368
BioTech	185	0.30	3	0.9695	0.7500	0.7297	0.7397
BioTech	185	0.35	3	0.9759	0.8438	0.7297	0.7826
BioTech	185	0.40	3	0.9743	0.8387	0.7027	0.7647
BioTech	185	0.45	3	0.9743	0.8387	0.7027	0.7647
BioTech	185	0.50	3	0.9743	0.8387	0.7027	0.7647
BioTech	185	0.55	3	0.9695	0.8214	0.6216	0.7077
BioTech	185	0.60	3	0.9599	0.7727	0.4595	0.5763
BioTech	185	0.65	3	0.9631	0.8500	0.4595	0.5965
BioTech	185	0.70	3	0.9631	0.8500	0.4595	0.5965
BioTech	185	0.75	3	0.9599	0.8333	0.4054	0.5455
BioTech	185	0.80	3	0.9535	0.7857	0.2973	0.4314
BioTech	185	0.85	3	0.9535	0.8333	0.2703	0.4082
BioTech	185	0.90	3	0.9535	0.9000	0.2432	0.3830
BioTech	185	0.95	3	0.9470	0.8333	0.1351	0.2326
BioTech	185	1.00	3	0.9406	0.0000	0.0000	0.0000
BioTech	185	0.00	4	0.0595	0.0595	1.0000	0.1123
BioTech	185	0.05	4	0.4068	0.0911	1.0000	0.1670
BioTech	185	0.10	4	0.8296	0.2587	1.0000	0.4111
BioTech	185	0.15	4	0.8907	0.3524	1.0000	0.5211
BioTech	185	0.20	4	0.9277	0.4512	1.0000	0.6218
BioTech	185	0.25	4	0.9389	0.4932	0.9730	0.6545
BioTech	185	0.30	4	0.9518	0.5556	0.9459	0.7000
BioTech	185	0.35	4	0.9614	0.6140	0.9459	0.7447
BioTech	185	0.40	4	0.9646	0.6364	0.9459	0.7609
BioTech	185	0.45	4	0.9711	0.6863	0.9459	0.7955
BioTech	185	0.50	4	0.9711	0.7021	0.8919	0.7857
BioTech	185	0.55	4	0.9727	0.7273	0.8649	0.7901
BioTech	185	0.60	4	0.9759	0.7895	0.8108	0.8000
BioTech	185	0.65	4	0.9807	0.8571	0.8108	0.8333
BioTech	185	0.70	4	0.9791	0.8529	0.7838	0.8169
BioTech	185	0.75	4	0.9791	0.8529	0.7838	0.8169
BioTech	185	0.80	4	0.9775	0.9259	0.6757	0.7813
BioTech	185	0.85	4	0.9743	0.9200	0.6216	0.7419
BioTech	185	0.90	4	0.9678	0.9474	0.4865	0.6429
BioTech	185	0.95	4	0.9614	0.9333	0.3784	0.5385
BioTech	185	1.00	4	0.9405	0.0000	0.0000	0.0000
Smartphones	198	0.00	0	0.0641	0.0641	1.0000	0.1205
Smartphones	198	0.05	0	0.2756	0.0813	1.0000	0.1504
Smartphones	198	0.10	0	0.7452	0.1980	0.9750	0.3291
Smartphones	198	0.15	0	0.8670	0.3223	0.9750	0.4845
Smartphones	198	0.20	0	0.8926	0.3714	0.9750	0.5379
Smartphones	198	0.25	0	0.9167	0.4318	0.9500	0.5938
Smartphones	198	0.30	0	0.9359	0.5000	0.9250	0.6491
Smartphones	198	0.35	0	0.9503	0.5714	0.9000	0.6990
Smartphones	198	0.40	0	0.9567	0.6102	0.9000	0.7273
Smartphones	198	0.45	0	0.9583	0.6250	0.8750	0.7292
Smartphones	198	0.50	0	0.9583	0.6346	0.8250	0.7174
Smartphones	198	0.55	0	0.9631	0.6735	0.8250	0.7416
Smartphones	198	0.60	0	0.9647	0.6875	0.8250	0.7500
Smartphones	198	0.65	0	0.9712	0.7500	0.8250	0.7857
Smartphones	198	0.70	0	0.9696	0.7442	0.8000	0.7711
Smartphones	198	0.75	0	0.9679	0.7500	0.7500	0.7500
Smartphones	198	0.80	0	0.9696	0.7838	0.7250	0.7532
Smartphones	198	0.85	0	0.9663	0.7879	0.6500	0.7123
Smartphones	198	0.90	0	0.9599	0.7778	0.5250	0.6269
Smartphones	198	0.95	0	0.9567	0.8824	0.3750	0.5263
Smartphones	198	1.00	0	0.9359	0.0000	0.0000	0.0000
Smartphones	198	0.00	1	0.0642	0.0642	1.0000	0.1207
Smartphones	198	0.05	1	0.2970	0.0837	1.0000	0.1544
Smartphones	198	0.10	1	0.7223	0.1848	0.9750	0.3108
Smartphones	198	0.15	1	0.8331	0.2647	0.9000	0.4091
Smartphones	198	0.20	1	0.8812	0.3396	0.9000	0.4932
Smartphones	198	0.25	1	0.9069	0.3953	0.8500	0.5397
Smartphones	198	0.30	1	0.9133	0.4125	0.8250	0.5500
Smartphones	198	0.35	1	0.9262	0.4583	0.8250	0.5893
Smartphones	198	0.40	1	0.9342	0.4921	0.7750	0.6019
Smartphones	198	0.45	1	0.9390	0.5192	0.6750	0.5870
Smartphones	198	0.50	1	0.9438	0.5510	0.6750	0.6067
Smartphones	198	0.55	1	0.9470	0.5778	0.6500	0.6118
Smartphones	198	0.60	1	0.9486	0.5952	0.6250	0.6098
Smartphones	198	0.65	1	0.9502	0.6154	0.6000	0.6076
Smartphones	198	0.70	1	0.9486	0.6176	0.5250	0.5676
Smartphones	198	0.75	1	0.9454	0.6000	0.4500	0.5143
Smartphones	198	0.80	1	0.9438	0.6087	0.3500	0.4444
Smartphones	198	0.85	1	0.9358	0.5000	0.2000	0.2857
Smartphones	198	0.90	1	0.9374	0.5333	0.2000	0.2909
Smartphones	198	0.95	1	0.9390	0.5833	0.1750	0.2692
Smartphones	198	1.00	1	0.9358	0.0000	0.0000	0.0000
Smartphones	198	0.00	2	0.0642	0.0642	1.0000	0.1207
Smartphones	198	0.05	2	0.2681	0.0806	1.0000	0.1493
Smartphones	198	0.10	2	0.7416	0.1990	1.0000	0.3320
Smartphones	198	0.15	2	0.8475	0.2963	1.0000	0.4571
Smartphones	198	0.20	2	0.8909	0.3679	0.9750	0.5342
Smartphones	198	0.25	2	0.9101	0.4091	0.9000	0.5625
Smartphones	198	0.30	2	0.9358	0.5000	0.8750	0.6364
Smartphones	198	0.35	2	0.9470	0.5556	0.8750	0.6796
Smartphones	198	0.40	2	0.9502	0.5849	0.7750	0.6667
Smartphones	198	0.45	2	0.9567	0.6444	0.7250	0.6824
Smartphones	198	0.50	2	0.9647	0.7250	0.7250	0.7250
Smartphones	198	0.55	2	0.9679	0.7941	0.6750	0.7297
Smartphones	198	0.60	2	0.9679	0.7941	0.6750	0.7297
Smartphones	198	0.65	2	0.9695	0.8387	0.6500	0.7324
Smartphones	198	0.70	2	0.9711	0.8667	0.6500	0.7429
Smartphones	198	0.75	2	0.9679	0.8571	0.6000	0.7059
Smartphones	198	0.80	2	0.9663	0.9130	0.5250	0.6667
Smartphones	198	0.85	2	0.9647	1.0000	0.4500	0.6207
Smartphones	198	0.90	2	0.9631	1.0000	0.4250	0.5965
Smartphones	198	0.95	2	0.9567	1.0000	0.3250	0.4906
Smartphones	198	1.00	2	0.9358	0.0000	0.0000	0.0000
Smartphones	198	0.00	3	0.0627	0.0627	1.0000	0.1180
Smartphones	198	0.05	3	0.3457	0.0837	0.9487	0.1538
Smartphones	198	0.10	3	0.7605	0.1978	0.9231	0.3258
Smartphones	198	0.15	3	0.8650	0.3077	0.9231	0.4615
Smartphones	198	0.20	3	0.8907	0.3564	0.9231	0.5143
Smartphones	198	0.25	3	0.9116	0.4024	0.8462	0.5455
Smartphones	198	0.30	3	0.9437	0.5333	0.8205	0.6465
Smartphones	198	0.35	3	0.9598	0.6400	0.8205	0.7191
Smartphones	198	0.40	3	0.9630	0.6739	0.7949	0.7294
Smartphones	198	0.45	3	0.9678	0.7209	0.7949	0.7561
Smartphones	198	0.50	3	0.9711	0.7838	0.7436	0.7632
Smartphones	198	0.55	3	0.9727	0.8056	0.7436	0.7733
Smartphones	198	0.60	3	0.9727	0.8667	0.6667	0.7536
Smartphones	198	0.65	3	0.9711	0.8621	0.6410	0.7353
Smartphones	198	0.70	3	0.9678	0.9130	0.5385	0.6774
Smartphones	198	0.75	3	0.9662	0.9091	0.5128	0.6557
Smartphones	198	0.80	3	0.9630	0.9000	0.4615	0.6102
Smartphones	198	0.85	3	0.9614	0.9412	0.4103	0.5714
Smartphones	198	0.90	3	0.9550	0.9231	0.3077	0.4615
Smartphones	198	0.95	3	0.9502	1.0000	0.2051	0.3404
Smartphones	198	1.00	3	0.9373	0.0000	0.0000	0.0000
Smartphones	198	0.00	4	0.0627	0.0627	1.0000	0.1180
Smartphones	198	0.05	4	0.4051	0.0934	0.9744	0.1704
Smartphones	198	0.10	4	0.8103	0.2030	0.6923	0.3140
Smartphones	198	0.15	4	0.9100	0.3692	0.6154	0.4615
Smartphones	198	0.20	4	0.9373	0.5000	0.5128	0.5063
Smartphones	198	0.25	4	0.9437	0.5625	0.4615	0.5070
Smartphones	198	0.30	4	0.9453	0.5926	0.4103	0.4848
Smartphones	198	0.35	4	0.9453	0.6087	0.3590	0.4516
Smartphones	198	0.40	4	0.9469	0.6364	0.3590	0.4590
Smartphones	198	0.45	4	0.9502	0.7000	0.3590	0.4746
Smartphones	198	0.50	4	0.9486	0.6842	0.3333	0.4483
Smartphones	198	0.55	4	0.9486	0.7059	0.3077	0.4286
Smartphones	198	0.60	4	0.9486	0.7333	0.2821	0.4074
Smartphones	198	0.65	4	0.9486	0.7692	0.2564	0.3846
Smartphones	198	0.70	4	0.9486	0.7692	0.2564	0.3846
Smartphones	198	0.75	4	0.9502	0.9000	0.2308	0.3673
Smartphones	198	0.80	4	0.9486	0.8889	0.2051	0.3333
Smartphones	198	0.85	4	0.9469	1.0000	0.1538	0.2667
Smartphones	198	0.90	4	0.9453	1.0000	0.1282	0.2273
Smartphones	198	0.95	4	0.9453	1.0000	0.1282	0.2273
Smartphones	198	1.00	4	0.9373	0.0000	0.0000	0.0000
Internet of Things	102	0.00	0	0.0337	0.0337	1.0000	0.0651
Internet of Things	102	0.05	0	0.7516	0.1193	1.0000	0.2132
Internet of Things	102	0.10	0	0.9455	0.3818	1.0000	0.5526
Internet of Things	102	0.15	0	0.9663	0.5000	1.0000	0.6667
Internet of Things	102	0.20	0	0.9776	0.6000	1.0000	0.7500
Internet of Things	102	0.25	0	0.9792	0.6250	0.9524	0.7547
Internet of Things	102	0.30	0	0.9824	0.6667	0.9524	0.7843
Internet of Things	102	0.35	0	0.9872	0.7407	0.9524	0.8333
Internet of Things	102	0.40	0	0.9904	0.8000	0.9524	0.8696
Internet of Things	102	0.45	0	0.9920	0.8333	0.9524	0.8889
Internet of Things	102	0.50	0	0.9920	0.8636	0.9048	0.8837
Internet of Things	102	0.55	0	0.9904	0.8571	0.8571	0.8571
Internet of Things	102	0.60	0	0.9936	0.9474	0.8571	0.9000
Internet of Things	102	0.65	0	0.9936	0.9474	0.8571	0.9000
Internet of Things	102	0.70	0	0.9936	0.9474	0.8571	0.9000
Internet of Things	102	0.75	0	0.9936	0.9474	0.8571	0.9000
Internet of Things	102	0.80	0	0.9920	0.9444	0.8095	0.8718
Internet of Things	102	0.85	0	0.9920	0.9444	0.8095	0.8718
Internet of Things	102	0.90	0	0.9888	0.9375	0.7143	0.8108
Internet of Things	102	0.95	0	0.9840	0.9231	0.5714	0.7059
Internet of Things	102	1.00	0	0.9663	0.0000	0.0000	0.0000
Internet of Things	102	0.00	1	0.0337	0.0337	1.0000	0.0651
Internet of Things	102	0.05	1	0.7981	0.1329	0.9048	0.2317
Internet of Things	102	0.10	1	0.9119	0.2500	0.8095	0.3820
Internet of Things	102	0.15	1	0.9391	0.3333	0.8095	0.4722
Internet of Things	102	0.20	1	0.9487	0.3778	0.8095	0.5152
Internet of Things	102	0.25	1	0.9535	0.4048	0.8095	0.5397
Internet of Things	102	0.30	1	0.9615	0.4595	0.8095	0.5862
Internet of Things	102	0.35	1	0.9631	0.4722	0.8095	0.5965
Internet of Things	102	0.40	1	0.9679	0.5152	0.8095	0.6296
Internet of Things	102	0.45	1	0.9744	0.5862	0.8095	0.6800
Internet of Things	102	0.50	1	0.9872	0.8095	0.8095	0.8095
Internet of Things	102	0.55	1	0.9872	0.8095	0.8095	0.8095
Internet of Things	102	0.60	1	0.9888	0.8500	0.8095	0.8293
Internet of Things	102	0.65	1	0.9904	0.8947	0.8095	0.8500
Internet of Things	102	0.70	1	0.9920	0.9444	0.8095	0.8718
Internet of Things	102	0.75	1	0.9904	0.9412	0.7619	0.8421
Internet of Things	102	0.80	1	0.9888	0.9375	0.7143	0.8108
Internet of Things	102	0.85	1	0.9856	0.9286	0.6190	0.7429
Internet of Things	102	0.90	1	0.9792	0.9000	0.4286	0.5806
Internet of Things	102	0.95	1	0.9760	0.8750	0.3333	0.4828
Internet of Things	102	1.00	1	0.9663	0.0000	0.0000	0.0000
Internet of Things	102	0.00	2	0.0322	0.0322	1.0000	0.0623
Internet of Things	102	0.05	2	0.7878	0.1267	0.9500	0.2235
Internet of Things	102	0.10	2	0.9437	0.3529	0.9000	0.5070
Internet of Things	102	0.15	2	0.9582	0.4286	0.9000	0.5806
Internet of Things	102	0.20	2	0.9678	0.5000	0.9000	0.6429
Internet of Things	102	0.25	2	0.9791	0.6296	0.8500	0.7234
Internet of Things	102	0.30	2	0.9855	0.7619	0.8000	0.7805
Internet of Things	102	0.35	2	0.9855	0.7619	0.8000	0.7805
Internet of Things	102	0.40	2	0.9887	0.8421	0.8000	0.8205
Internet of Things	102	0.45	2	0.9887	0.8421	0.8000	0.8205
Internet of Things	102	0.50	2	0.9904	0.8889	0.8000	0.8421
Internet of Things	102	0.55	2	0.9904	0.8889	0.8000	0.8421
Internet of Things	102	0.60	2	0.9904	0.8889	0.8000	0.8421
Internet of Things	102	0.65	2	0.9920	0.9412	0.8000	0.8649
Internet of Things	102	0.70	2	0.9920	0.9412	0.8000	0.8649
Internet of Things	102	0.75	2	0.9920	0.9412	0.8000	0.8649
Internet of Things	102	0.80	2	0.9904	0.9375	0.7500	0.8333
Internet of Things	102	0.85	2	0.9839	0.9167	0.5500	0.6875
Internet of Things	102	0.90	2	0.9807	0.9000	0.4500	0.6000
Internet of Things	102	0.95	2	0.9807	0.9000	0.4500	0.6000
Internet of Things	102	1.00	2	0.9678	0.0000	0.0000	0.0000
Internet of Things	102	0.00	3	0.0322	0.0322	1.0000	0.0623
Internet of Things	102	0.05	3	0.7492	0.1136	1.0000	0.2041
Internet of Things	102	0.10	3	0.9293	0.3125	1.0000	0.4762
Internet of Things	102	0.15	3	0.9518	0.4000	1.0000	0.5714
Internet of Things	102	0.20	3	0.9614	0.4545	1.0000	0.6250
Internet of Things	102	0.25	3	0.9727	0.5405	1.0000	0.7018
Internet of Things	102	0.30	3	0.9759	0.5714	1.0000	0.7273
Internet of Things	102	0.35	3	0.9791	0.6061	1.0000	0.7547
Internet of Things	102	0.40	3	0.9823	0.6452	1.0000	0.7843
Internet of Things	102	0.45	3	0.9855	0.6897	1.0000	0.8163
Internet of Things	102	0.50	3	0.9871	0.7308	0.9500	0.8261
Internet of Things	102	0.55	3	0.9887	0.7826	0.9000	0.8372
Internet of Things	102	0.60	3	0.9887	0.8095	0.8500	0.8293
Internet of Things	102	0.65	3	0.9887	0.8421	0.8000	0.8205
Internet of Things	102	0.70	3	0.9920	0.9412	0.8000	0.8649
Internet of Things	102	0.75	3	0.9920	1.0000	0.7500	0.8571
Internet of Things	102	0.80	3	0.9920	1.0000	0.7500	0.8571
Internet of Things	102	0.85	3	0.9904	1.0000	0.7000	0.8235
Internet of Things	102	0.90	3	0.9887	1.0000	0.6500	0.7879
Internet of Things	102	0.95	3	0.9807	1.0000	0.4000	0.5714
Internet of Things	102	1.00	3	0.9678	0.0000	0.0000	0.0000
Internet of Things	102	0.00	4	0.0322	0.0322	1.0000	0.0623
Internet of Things	102	0.05	4	0.8939	0.2125	0.8500	0.3400
Internet of Things	102	0.10	4	0.9614	0.4444	0.8000	0.5714
Internet of Things	102	0.15	4	0.9759	0.5926	0.8000	0.6809
Internet of Things	102	0.20	4	0.9823	0.7143	0.7500	0.7317
Internet of Things	102	0.25	4	0.9839	0.7500	0.7500	0.7500
Internet of Things	102	0.30	4	0.9855	0.8235	0.7000	0.7568
Internet of Things	102	0.35	4	0.9855	0.8235	0.7000	0.7568
Internet of Things	102	0.40	4	0.9839	0.8125	0.6500	0.7222
Internet of Things	102	0.45	4	0.9855	0.8667	0.6500	0.7429
Internet of Things	102	0.50	4	0.9855	0.8667	0.6500	0.7429
Internet of Things	102	0.55	4	0.9855	0.8667	0.6500	0.7429
Internet of Things	102	0.60	4	0.9871	0.9286	0.6500	0.7647
Internet of Things	102	0.65	4	0.9871	0.9286	0.6500	0.7647
Internet of Things	102	0.70	4	0.9871	0.9286	0.6500	0.7647
Internet of Things	102	0.75	4	0.9855	0.9231	0.6000	0.7273
Internet of Things	102	0.80	4	0.9823	0.9091	0.5000	0.6452
Internet of Things	102	0.85	4	0.9791	0.8889	0.4000	0.5517
Internet of Things	102	0.90	4	0.9775	0.8750	0.3500	0.5000
Internet of Things	102	0.95	4	0.9759	0.8571	0.3000	0.4444
Internet of Things	102	1.00	4	0.9678	0.0000	0.0000	0.0000
Social Networks	464	0.00	0	0.1493	0.1493	1.0000	0.2598
Social Networks	464	0.05	0	0.3692	0.1901	0.9892	0.3189
Social Networks	464	0.10	0	0.6661	0.3064	0.9785	0.4667
Social Networks	464	0.15	0	0.8170	0.4462	0.9355	0.6042
Social Networks	464	0.20	0	0.9133	0.6560	0.8817	0.7523
Social Networks	464	0.25	0	0.9454	0.7864	0.8710	0.8265
Social Networks	464	0.30	0	0.9615	0.8791	0.8602	0.8696
Social Networks	464	0.35	0	0.9663	0.9091	0.8602	0.8840
Social Networks	464	0.40	0	0.9663	0.9186	0.8495	0.8827
Social Networks	464	0.45	0	0.9647	0.9176	0.8387	0.8764
Social Networks	464	0.50	0	0.9647	0.9176	0.8387	0.8764
Social Networks	464	0.55	0	0.9583	0.9136	0.7957	0.8506
Social Networks	464	0.60	0	0.9518	0.9091	0.7527	0.8235
Social Networks	464	0.65	0	0.9502	0.9079	0.7419	0.8166
Social Networks	464	0.70	0	0.9422	0.9254	0.6667	0.7750
Social Networks	464	0.75	0	0.9374	0.9500	0.6129	0.7451
Social Networks	464	0.80	0	0.9262	0.9434	0.5376	0.6849
Social Networks	464	0.85	0	0.9181	0.9565	0.4731	0.6331
Social Networks	464	0.90	0	0.9053	1.0000	0.3656	0.5354
Social Networks	464	0.95	0	0.8892	1.0000	0.2581	0.4103
Social Networks	464	1.00	0	0.8507	0.0000	0.0000	0.0000
Social Networks	464	0.00	1	0.1493	0.1493	1.0000	0.2598
Social Networks	464	0.05	1	0.3692	0.1914	1.0000	0.3212
Social Networks	464	0.10	1	0.6806	0.3185	1.0000	0.4831
Social Networks	464	0.15	1	0.8395	0.4819	1.0000	0.6503
Social Networks	464	0.20	1	0.9294	0.6788	1.0000	0.8087
Social Networks	464	0.25	1	0.9583	0.7815	1.0000	0.8774
Social Networks	464	0.30	1	0.9679	0.8230	1.0000	0.9029
Social Networks	464	0.35	1	0.9695	0.8426	0.9785	0.9055
Social Networks	464	0.40	1	0.9711	0.8505	0.9785	0.9100
Social Networks	464	0.45	1	0.9695	0.8776	0.9247	0.9005
Social Networks	464	0.50	1	0.9711	0.9032	0.9032	0.9032
Social Networks	464	0.55	1	0.9711	0.9213	0.8817	0.9011
Social Networks	464	0.60	1	0.9695	0.9405	0.8495	0.8927
Social Networks	464	0.65	1	0.9631	0.9487	0.7957	0.8655
Social Networks	464	0.70	1	0.9535	0.9444	0.7312	0.8242
Social Networks	464	0.75	1	0.9406	0.9516	0.6344	0.7613
Social Networks	464	0.80	1	0.9294	0.9623	0.5484	0.6986
Social Networks	464	0.85	1	0.9230	0.9787	0.4946	0.6571
Social Networks	464	0.90	1	0.9117	1.0000	0.4086	0.5802
Social Networks	464	0.95	1	0.8828	1.0000	0.2151	0.3540
Social Networks	464	1.00	1	0.8507	0.0000	0.0000	0.0000
Social Networks	464	0.00	2	0.1493	0.1493	1.0000	0.2598
Social Networks	464	0.05	2	0.3387	0.1842	1.0000	0.3110
Social Networks	464	0.10	2	0.5923	0.2680	1.0000	0.4227
Social Networks	464	0.15	2	0.8090	0.4381	0.9892	0.6073
Social Networks	464	0.20	2	0.9085	0.6216	0.9892	0.7635
Social Networks	464	0.25	2	0.9326	0.6977	0.9677	0.8108
Social Networks	464	0.30	2	0.9390	0.7350	0.9247	0.8190
Social Networks	464	0.35	2	0.9567	0.8173	0.9140	0.8629
Social Networks	464	0.40	2	0.9631	0.8500	0.9140	0.8808
Social Networks	464	0.45	2	0.9599	0.8542	0.8817	0.8677
Social Networks	464	0.50	2	0.9631	0.8977	0.8495	0.8729
Social Networks	464	0.55	2	0.9647	0.9383	0.8172	0.8736
Social Networks	464	0.60	2	0.9631	0.9487	0.7957	0.8655
Social Networks	464	0.65	2	0.9551	0.9452	0.7419	0.8313
Social Networks	464	0.70	2	0.9502	0.9429	0.7097	0.8098
Social Networks	464	0.75	2	0.9422	0.9672	0.6344	0.7662
Social Networks	464	0.80	2	0.9342	0.9815	0.5699	0.7211
Social Networks	464	0.85	2	0.9181	0.9773	0.4624	0.6277
Social Networks	464	0.90	2	0.9053	0.9722	0.3763	0.5426
Social Networks	464	0.95	2	0.8892	1.0000	0.2581	0.4103
Social Networks	464	1.00	2	0.8507	0.0000	0.0000	0.0000
Social Networks	464	0.00	3	0.1493	0.1493	1.0000	0.2598
Social Networks	464	0.05	3	0.3307	0.1824	1.0000	0.3085
Social Networks	464	0.10	3	0.6164	0.2788	0.9892	0.4350
Social Networks	464	0.15	3	0.7945	0.4201	0.9892	0.5897
Social Networks	464	0.20	3	0.8973	0.5960	0.9677	0.7377
Social Networks	464	0.25	3	0.9374	0.7250	0.9355	0.8169
Social Networks	464	0.30	3	0.9454	0.7757	0.8925	0.8300
Social Networks	464	0.35	3	0.9551	0.8351	0.8710	0.8526
Social Networks	464	0.40	3	0.9599	0.8696	0.8602	0.8649
Social Networks	464	0.45	3	0.9599	0.8953	0.8280	0.8603
Social Networks	464	0.50	3	0.9615	0.9157	0.8172	0.8636
Social Networks	464	0.55	3	0.9631	0.9487	0.7957	0.8655
Social Networks	464	0.60	3	0.9631	0.9487	0.7957	0.8655
Social Networks	464	0.65	3	0.9615	0.9481	0.7849	0.8588
Social Networks	464	0.70	3	0.9518	0.9437	0.7204	0.8171
Social Networks	464	0.75	3	0.9422	0.9385	0.6559	0.7722
Social Networks	464	0.80	3	0.9406	0.9516	0.6344	0.7613
Social Networks	464	0.85	3	0.9310	0.9630	0.5591	0.7075
Social Networks	464	0.90	3	0.9197	0.9778	0.4731	0.6377
Social Networks	464	0.95	3	0.8860	0.9583	0.2473	0.3932
Social Networks	464	1.00	3	0.8507	0.0000	0.0000	0.0000
Social Networks	464	0.00	4	0.1479	0.1479	1.0000	0.2577
Social Networks	464	0.05	4	0.3344	0.1818	1.0000	0.3077
Social Networks	464	0.10	4	0.6141	0.2771	1.0000	0.4340
Social Networks	464	0.15	4	0.7958	0.4194	0.9891	0.5890
Social Networks	464	0.20	4	0.9051	0.6122	0.9783	0.7531
Social Networks	464	0.25	4	0.9357	0.7203	0.9239	0.8095
Social Networks	464	0.30	4	0.9469	0.7658	0.9239	0.8374
Social Networks	464	0.35	4	0.9486	0.7830	0.9022	0.8384
Social Networks	464	0.40	4	0.9518	0.7981	0.9022	0.8469
Social Networks	464	0.45	4	0.9502	0.8020	0.8804	0.8394
Social Networks	464	0.50	4	0.9469	0.7980	0.8587	0.8272
Social Networks	464	0.55	4	0.9518	0.8298	0.8478	0.8387
Social Networks	464	0.60	4	0.9486	0.8333	0.8152	0.8242
Social Networks	464	0.65	4	0.9437	0.8276	0.7826	0.8045
Social Networks	464	0.70	4	0.9453	0.8537	0.7609	0.8046
Social Networks	464	0.75	4	0.9453	0.8718	0.7391	0.8000
Social Networks	464	0.80	4	0.9405	0.8986	0.6739	0.7702
Social Networks	464	0.85	4	0.9260	0.8966	0.5652	0.6933
Social Networks	464	0.90	4	0.9244	0.9245	0.5326	0.6759
Social Networks	464	0.95	4	0.9035	0.9706	0.3587	0.5238
Social Networks	464	1.00	4	0.8521	0.0000	0.0000	0.0000
Battery	63	0.00	0	0.0208	0.0208	1.0000	0.0408
Battery	63	0.05	0	0.9343	0.2407	1.0000	0.3881
Battery	63	0.10	0	0.9744	0.4444	0.9231	0.6000
Battery	63	0.15	0	0.9776	0.4783	0.8462	0.6111
Battery	63	0.20	0	0.9808	0.5238	0.8462	0.6471
Battery	63	0.25	0	0.9808	0.5238	0.8462	0.6471
Battery	63	0.30	0	0.9824	0.5500	0.8462	0.6667
Battery	63	0.35	0	0.9824	0.5500	0.8462	0.6667
Battery	63	0.40	0	0.9840	0.5789	0.8462	0.6875
Battery	63	0.45	0	0.9824	0.5556	0.7692	0.6452
Battery	63	0.50	0	0.9824	0.5556	0.7692	0.6452
Battery	63	0.55	0	0.9824	0.5556	0.7692	0.6452
Battery	63	0.60	0	0.9824	0.5556	0.7692	0.6452
Battery	63	0.65	0	0.9824	0.5625	0.6923	0.6207
Battery	63	0.70	0	0.9840	0.6000	0.6923	0.6429
Battery	63	0.75	0	0.9840	0.6000	0.6923	0.6429
Battery	63	0.80	0	0.9840	0.6154	0.6154	0.6154
Battery	63	0.85	0	0.9856	0.6667	0.6154	0.6400
Battery	63	0.90	0	0.9840	0.6364	0.5385	0.5833
Battery	63	0.95	0	0.9792	0.5000	0.2308	0.3158
Battery	63	1.00	0	0.9792	0.0000	0.0000	0.0000
Battery	63	0.00	1	0.0209	0.0209	1.0000	0.0409
Battery	63	0.05	1	0.9278	0.2241	1.0000	0.3662
Battery	63	0.10	1	0.9775	0.4815	1.0000	0.6500
Battery	63	0.15	1	0.9856	0.5909	1.0000	0.7429
Battery	63	0.20	1	0.9872	0.6190	1.0000	0.7647
Battery	63	0.25	1	0.9872	0.6190	1.0000	0.7647
Battery	63	0.30	1	0.9888	0.6500	1.0000	0.7879
Battery	63	0.35	1	0.9888	0.6500	1.0000	0.7879
Battery	63	0.40	1	0.9888	0.6500	1.0000	0.7879
Battery	63	0.45	1	0.9904	0.6842	1.0000	0.8125
Battery	63	0.50	1	0.9920	0.7222	1.0000	0.8387
Battery	63	0.55	1	0.9904	0.7059	0.9231	0.8000
Battery	63	0.60	1	0.9920	0.7500	0.9231	0.8276
Battery	63	0.65	1	0.9936	0.8000	0.9231	0.8571
Battery	63	0.70	1	0.9888	0.7500	0.6923	0.7200
Battery	63	0.75	1	0.9920	0.9000	0.6923	0.7826
Battery	63	0.80	1	0.9920	1.0000	0.6154	0.7619
Battery	63	0.85	1	0.9888	1.0000	0.4615	0.6316
Battery	63	0.90	1	0.9839	1.0000	0.2308	0.3750
Battery	63	0.95	1	0.9791	0.0000	0.0000	0.0000
Battery	63	1.00	1	0.9791	0.0000	0.0000	0.0000
Battery	63	0.00	2	0.0209	0.0209	1.0000	0.0409
Battery	63	0.05	2	0.9551	0.3077	0.9231	0.4615
Battery	63	0.10	2	0.9839	0.5882	0.7692	0.6667
Battery	63	0.15	2	0.9872	0.6667	0.7692	0.7143
Battery	63	0.20	2	0.9888	0.7143	0.7692	0.7407
Battery	63	0.25	2	0.9920	0.8333	0.7692	0.8000
Battery	63	0.30	2	0.9920	0.8333	0.7692	0.8000
Battery	63	0.35	2	0.9920	0.8333	0.7692	0.8000
Battery	63	0.40	2	0.9920	0.8333	0.7692	0.8000
Battery	63	0.45	2	0.9936	0.9091	0.7692	0.8333
Battery	63	0.50	2	0.9936	0.9091	0.7692	0.8333
Battery	63	0.55	2	0.9936	0.9091	0.7692	0.8333
Battery	63	0.60	2	0.9920	0.9000	0.6923	0.7826
Battery	63	0.65	2	0.9920	0.9000	0.6923	0.7826
Battery	63	0.70	2	0.9904	0.8889	0.6154	0.7273
Battery	63	0.75	2	0.9904	0.8889	0.6154	0.7273
Battery	63	0.80	2	0.9904	0.8889	0.6154	0.7273
Battery	63	0.85	2	0.9872	0.8571	0.4615	0.6000
Battery	63	0.90	2	0.9872	0.8571	0.4615	0.6000
Battery	63	0.95	2	0.9839	0.8000	0.3077	0.4444
Battery	63	1.00	2	0.9791	0.0000	0.0000	0.0000
Battery	63	0.00	3	0.0193	0.0193	1.0000	0.0379
Battery	63	0.05	3	0.9662	0.3636	1.0000	0.5333
Battery	63	0.10	3	0.9839	0.5500	0.9167	0.6875
Battery	63	0.15	3	0.9855	0.5789	0.9167	0.7097
Battery	63	0.20	3	0.9871	0.6111	0.9167	0.7333
Battery	63	0.25	3	0.9855	0.5882	0.8333	0.6897
Battery	63	0.30	3	0.9871	0.6250	0.8333	0.7143
Battery	63	0.35	3	0.9871	0.6250	0.8333	0.7143
Battery	63	0.40	3	0.9871	0.6250	0.8333	0.7143
Battery	63	0.45	3	0.9871	0.6250	0.8333	0.7143
Battery	63	0.50	3	0.9887	0.6667	0.8333	0.7407
Battery	63	0.55	3	0.9887	0.6667	0.8333	0.7407
Battery	63	0.60	3	0.9887	0.6667	0.8333	0.7407
Battery	63	0.65	3	0.9871	0.6429	0.7500	0.6923
Battery	63	0.70	3	0.9855	0.6154	0.6667	0.6400
Battery	63	0.75	3	0.9855	0.6154	0.6667	0.6400
Battery	63	0.80	3	0.9839	0.5833	0.5833	0.5833
Battery	63	0.85	3	0.9855	0.6364	0.5833	0.6087
Battery	63	0.90	3	0.9871	0.7500	0.5000	0.6000
Battery	63	0.95	3	0.9839	0.7500	0.2500	0.3750
Battery	63	1.00	3	0.9807	0.0000	0.0000	0.0000
Battery	63	0.00	4	0.0193	0.0193	1.0000	0.0379
Battery	63	0.05	4	0.9277	0.2105	1.0000	0.3478
Battery	63	0.10	4	0.9887	0.6316	1.0000	0.7742
Battery	63	0.15	4	0.9936	0.7500	1.0000	0.8571
Battery	63	0.20	4	0.9936	0.7500	1.0000	0.8571
Battery	63	0.25	4	0.9936	0.7500	1.0000	0.8571
Battery	63	0.30	4	0.9936	0.7500	1.0000	0.8571
Battery	63	0.35	4	0.9936	0.7500	1.0000	0.8571
Battery	63	0.40	4	0.9920	0.7333	0.9167	0.8148
Battery	63	0.45	4	0.9920	0.7333	0.9167	0.8148
Battery	63	0.50	4	0.9920	0.7333	0.9167	0.8148
Battery	63	0.55	4	0.9920	0.7333	0.9167	0.8148
Battery	63	0.60	4	0.9904	0.7143	0.8333	0.7692
Battery	63	0.65	4	0.9904	0.7143	0.8333	0.7692
Battery	63	0.70	4	0.9904	0.7500	0.7500	0.7500
Battery	63	0.75	4	0.9887	0.7273	0.6667	0.6957
Battery	63	0.80	4	0.9887	0.7273	0.6667	0.6957
Battery	63	0.85	4	0.9871	0.7000	0.5833	0.6364
Battery	63	0.90	4	0.9855	0.6667	0.5000	0.5714
Battery	63	0.95	4	0.9807	0.5000	0.1667	0.2500
Battery	63	1.00	4	0.9807	0.0000	0.0000	0.0000
Driverless Cars	134	0.00	0	0.0433	0.0433	1.0000	0.0831
Driverless Cars	134	0.05	0	0.9069	0.3176	1.0000	0.4821
Driverless Cars	134	0.10	0	0.9872	0.7714	1.0000	0.8710
Driverless Cars	134	0.15	0	0.9888	0.7941	1.0000	0.8852
Driverless Cars	134	0.20	0	0.9904	0.8182	1.0000	0.9000
Driverless Cars	134	0.25	0	0.9904	0.8182	1.0000	0.9000
Driverless Cars	134	0.30	0	0.9904	0.8387	0.9630	0.8966
Driverless Cars	134	0.35	0	0.9920	0.8667	0.9630	0.9123
Driverless Cars	134	0.40	0	0.9920	0.8667	0.9630	0.9123
Driverless Cars	134	0.45	0	0.9904	0.8621	0.9259	0.8929
Driverless Cars	134	0.50	0	0.9904	0.8621	0.9259	0.8929
Driverless Cars	134	0.55	0	0.9920	0.8929	0.9259	0.9091
Driverless Cars	134	0.60	0	0.9936	0.9259	0.9259	0.9259
Driverless Cars	134	0.65	0	0.9936	0.9259	0.9259	0.9259
Driverless Cars	134	0.70	0	0.9952	0.9615	0.9259	0.9434
Driverless Cars	134	0.75	0	0.9952	0.9615	0.9259	0.9434
Driverless Cars	134	0.80	0	0.9968	1.0000	0.9259	0.9615
Driverless Cars	134	0.85	0	0.9904	1.0000	0.7778	0.8750
Driverless Cars	134	0.90	0	0.9872	1.0000	0.7037	0.8261
Driverless Cars	134	0.95	0	0.9872	1.0000	0.7037	0.8261
Driverless Cars	134	1.00	0	0.9567	0.0000	0.0000	0.0000
Driverless Cars	134	0.00	1	0.0433	0.0433	1.0000	0.0831
Driverless Cars	134	0.05	1	0.8941	0.2903	1.0000	0.4500
Driverless Cars	134	0.10	1	0.9807	0.6923	1.0000	0.8182
Driverless Cars	134	0.15	1	0.9872	0.7714	1.0000	0.8710
Driverless Cars	134	0.20	1	0.9888	0.7941	1.0000	0.8852
Driverless Cars	134	0.25	1	0.9888	0.7941	1.0000	0.8852
Driverless Cars	134	0.30	1	0.9888	0.7941	1.0000	0.8852
Driverless Cars	134	0.35	1	0.9904	0.8182	1.0000	0.9000
Driverless Cars	134	0.40	1	0.9920	0.8438	1.0000	0.9153
Driverless Cars	134	0.45	1	0.9920	0.8438	1.0000	0.9153
Driverless Cars	134	0.50	1	0.9936	0.8710	1.0000	0.9310
Driverless Cars	134	0.55	1	0.9936	0.8710	1.0000	0.9310
Driverless Cars	134	0.60	1	0.9952	0.9000	1.0000	0.9474
Driverless Cars	134	0.65	1	0.9968	0.9310	1.0000	0.9643
Driverless Cars	134	0.70	1	0.9968	0.9310	1.0000	0.9643
Driverless Cars	134	0.75	1	0.9952	0.9286	0.9630	0.9455
Driverless Cars	134	0.80	1	0.9952	0.9286	0.9630	0.9455
Driverless Cars	134	0.85	1	0.9904	0.9200	0.8519	0.8846
Driverless Cars	134	0.90	1	0.9839	0.9048	0.7037	0.7917
Driverless Cars	134	0.95	1	0.9791	0.9375	0.5556	0.6977
Driverless Cars	134	1.00	1	0.9567	0.0000	0.0000	0.0000
Driverless Cars	134	0.00	2	0.0433	0.0433	1.0000	0.0831
Driverless Cars	134	0.05	2	0.9470	0.4500	1.0000	0.6207
Driverless Cars	134	0.10	2	0.9839	0.7297	1.0000	0.8437
Driverless Cars	134	0.15	2	0.9872	0.7879	0.9630	0.8667
Driverless Cars	134	0.20	2	0.9920	0.8667	0.9630	0.9123
Driverless Cars	134	0.25	2	0.9904	0.8621	0.9259	0.8929
Driverless Cars	134	0.30	2	0.9904	0.8621	0.9259	0.8929
Driverless Cars	134	0.35	2	0.9904	0.8621	0.9259	0.8929
Driverless Cars	134	0.40	2	0.9904	0.8621	0.9259	0.8929
Driverless Cars	134	0.45	2	0.9936	0.9259	0.9259	0.9259
Driverless Cars	134	0.50	2	0.9920	0.9231	0.8889	0.9057
Driverless Cars	134	0.55	2	0.9904	0.9200	0.8519	0.8846
Driverless Cars	134	0.60	2	0.9904	0.9200	0.8519	0.8846
Driverless Cars	134	0.65	2	0.9888	0.9167	0.8148	0.8627
Driverless Cars	134	0.70	2	0.9856	0.9091	0.7407	0.8163
Driverless Cars	134	0.75	2	0.9791	0.8889	0.5926	0.7111
Driverless Cars	134	0.80	2	0.9791	0.8889	0.5926	0.7111
Driverless Cars	134	0.85	2	0.9743	0.8667	0.4815	0.6190
Driverless Cars	134	0.90	2	0.9695	0.9000	0.3333	0.4865
Driverless Cars	134	0.95	2	0.9631	0.8333	0.1852	0.3030
Driverless Cars	134	1.00	2	0.9567	0.0000	0.0000	0.0000
Driverless Cars	134	0.00	3	0.0433	0.0433	1.0000	0.0831
Driverless Cars	134	0.05	3	0.9486	0.4576	1.0000	0.6279
Driverless Cars	134	0.10	3	0.9920	0.8438	1.0000	0.9153
Driverless Cars	134	0.15	3	0.9952	0.9286	0.9630	0.9455
Driverless Cars	134	0.20	3	0.9952	0.9286	0.9630	0.9455
Driverless Cars	134	0.25	3	0.9952	0.9286	0.9630	0.9455
Driverless Cars	134	0.30	3	0.9952	0.9286	0.9630	0.9455
Driverless Cars	134	0.35	3	0.9952	0.9286	0.9630	0.9455
Driverless Cars	134	0.40	3	0.9952	0.9286	0.9630	0.9455
Driverless Cars	134	0.45	3	0.9936	0.9259	0.9259	0.9259
Driverless Cars	134	0.50	3	0.9936	0.9259	0.9259	0.9259
Driverless Cars	134	0.55	3	0.9936	0.9259	0.9259	0.9259
Driverless Cars	134	0.60	3	0.9936	0.9259	0.9259	0.9259
Driverless Cars	134	0.65	3	0.9936	0.9600	0.8889	0.9231
Driverless Cars	134	0.70	3	0.9920	0.9583	0.8519	0.9020
Driverless Cars	134	0.75	3	0.9920	0.9583	0.8519	0.9020
Driverless Cars	134	0.80	3	0.9872	0.9524	0.7407	0.8333
Driverless Cars	134	0.85	3	0.9856	0.9500	0.7037	0.8085
Driverless Cars	134	0.90	3	0.9856	1.0000	0.6667	0.8000
Driverless Cars	134	0.95	3	0.9807	1.0000	0.5556	0.7143
Driverless Cars	134	1.00	3	0.9567	0.0000	0.0000	0.0000
Driverless Cars	134	0.00	4	0.0418	0.0418	1.0000	0.0802
Driverless Cars	134	0.05	4	0.9100	0.3171	1.0000	0.4815
Driverless Cars	134	0.10	4	0.9839	0.7222	1.0000	0.8387
Driverless Cars	134	0.15	4	0.9904	0.8125	1.0000	0.8966
Driverless Cars	134	0.20	4	0.9920	0.8387	1.0000	0.9123
Driverless Cars	134	0.25	4	0.9920	0.8387	1.0000	0.9123
Driverless Cars	134	0.30	4	0.9936	0.8667	1.0000	0.9286
Driverless Cars	134	0.35	4	0.9968	0.9286	1.0000	0.9630
Driverless Cars	134	0.40	4	0.9984	0.9630	1.0000	0.9811
Driverless Cars	134	0.45	4	0.9968	0.9615	0.9615	0.9615
Driverless Cars	134	0.50	4	0.9968	0.9615	0.9615	0.9615
Driverless Cars	134	0.55	4	0.9984	1.0000	0.9615	0.9804
Driverless Cars	134	0.60	4	0.9984	1.0000	0.9615	0.9804
Driverless Cars	134	0.65	4	0.9984	1.0000	0.9615	0.9804
Driverless Cars	134	0.70	4	0.9984	1.0000	0.9615	0.9804
Driverless Cars	134	0.75	4	0.9968	1.0000	0.9231	0.9600
Driverless Cars	134	0.80	4	0.9952	1.0000	0.8846	0.9388
Driverless Cars	134	0.85	4	0.9936	1.0000	0.8462	0.9167
Driverless Cars	134	0.90	4	0.9904	1.0000	0.7692	0.8696
Driverless Cars	134	0.95	4	0.9791	1.0000	0.5000	0.6667
Driverless Cars	134	1.00	4	0.9582	0.0000	0.0000	0.0000
Wearable Tech	219	0.00	0	0.0706	0.0706	1.0000	0.1319
Wearable Tech	219	0.05	0	0.3515	0.0982	1.0000	0.1789
Wearable Tech	219	0.10	0	0.8266	0.2808	0.9318	0.4316
Wearable Tech	219	0.15	0	0.9069	0.4271	0.9318	0.5857
Wearable Tech	219	0.20	0	0.9422	0.5541	0.9318	0.6949
Wearable Tech	219	0.25	0	0.9599	0.6508	0.9318	0.7664
Wearable Tech	219	0.30	0	0.9663	0.7018	0.9091	0.7921
Wearable Tech	219	0.35	0	0.9711	0.7500	0.8864	0.8125
Wearable Tech	219	0.40	0	0.9743	0.7917	0.8636	0.8261
Wearable Tech	219	0.45	0	0.9775	0.8261	0.8636	0.8444
Wearable Tech	219	0.50	0	0.9759	0.8537	0.7955	0.8235
Wearable Tech	219	0.55	0	0.9759	0.8718	0.7727	0.8193
Wearable Tech	219	0.60	0	0.9775	0.8947	0.7727	0.8293
Wearable Tech	219	0.65	0	0.9775	0.9167	0.7500	0.8250
Wearable Tech	219	0.70	0	0.9775	0.9167	0.7500	0.8250
Wearable Tech	219	0.75	0	0.9775	0.9412	0.7273	0.8205
Wearable Tech	219	0.80	0	0.9663	0.9600	0.5455	0.6957
Wearable Tech	219	0.85	0	0.9599	0.9524	0.4545	0.6154
Wearable Tech	219	0.90	0	0.9567	0.9474	0.4091	0.5714
Wearable Tech	219	0.95	0	0.9454	0.9167	0.2500	0.3929
Wearable Tech	219	1.00	0	0.9294	0.0000	0.0000	0.0000
Wearable Tech	219	0.00	1	0.0706	0.0706	1.0000	0.1319
Wearable Tech	219	0.05	1	0.3194	0.0940	1.0000	0.1719
Wearable Tech	219	0.10	1	0.8010	0.2619	1.0000	0.4151
Wearable Tech	219	0.15	1	0.8989	0.4095	0.9773	0.5772
Wearable Tech	219	0.20	1	0.9213	0.4725	0.9773	0.6370
Wearable Tech	219	0.25	1	0.9342	0.5181	0.9773	0.6772
Wearable Tech	219	0.30	1	0.9422	0.5541	0.9318	0.6949
Wearable Tech	219	0.35	1	0.9518	0.6029	0.9318	0.7321
Wearable Tech	219	0.40	1	0.9615	0.6613	0.9318	0.7736
Wearable Tech	219	0.45	1	0.9679	0.7143	0.9091	0.8000
Wearable Tech	219	0.50	1	0.9711	0.7500	0.8864	0.8125
Wearable Tech	219	0.55	1	0.9743	0.8043	0.8409	0.8222
Wearable Tech	219	0.60	1	0.9759	0.8222	0.8409	0.8315
Wearable Tech	219	0.65	1	0.9759	0.8372	0.8182	0.8276
Wearable Tech	219	0.70	1	0.9807	0.9211	0.7955	0.8537
Wearable Tech	219	0.75	1	0.9775	0.9412	0.7273	0.8205
Wearable Tech	219	0.80	1	0.9775	1.0000	0.6818	0.8108
Wearable Tech	219	0.85	1	0.9743	1.0000	0.6364	0.7778
Wearable Tech	219	0.90	1	0.9679	1.0000	0.5455	0.7059
Wearable Tech	219	0.95	1	0.9551	1.0000	0.3636	0.5333
Wearable Tech	219	1.00	1	0.9294	0.0000	0.0000	0.0000
Wearable Tech	219	0.00	2	0.0706	0.0706	1.0000	0.1319
Wearable Tech	219	0.05	2	0.3579	0.0991	1.0000	0.1803
Wearable Tech	219	0.10	2	0.8299	0.2905	0.9773	0.4479
Wearable Tech	219	0.15	2	0.8876	0.3818	0.9545	0.5455
Wearable Tech	219	0.20	2	0.9149	0.4505	0.9318	0.6074
Wearable Tech	219	0.25	2	0.9310	0.5065	0.8864	0.6446
Wearable Tech	219	0.30	2	0.9454	0.5735	0.8864	0.6964
Wearable Tech	219	0.35	2	0.9502	0.6032	0.8636	0.7103
Wearable Tech	219	0.40	2	0.9535	0.6230	0.8636	0.7238
Wearable Tech	219	0.45	2	0.9615	0.6786	0.8636	0.7600
Wearable Tech	219	0.50	2	0.9631	0.6981	0.8409	0.7629
Wearable Tech	219	0.55	2	0.9679	0.7500	0.8182	0.7826
Wearable Tech	219	0.60	2	0.9711	0.8095	0.7727	0.7907
Wearable Tech	219	0.65	2	0.9727	0.8649	0.7273	0.7901
Wearable Tech	219	0.70	2	0.9695	0.8788	0.6591	0.7532
Wearable Tech	219	0.75	2	0.9679	0.9000	0.6136	0.7297
Wearable Tech	219	0.80	2	0.9679	0.9286	0.5909	0.7222
Wearable Tech	219	0.85	2	0.9663	0.9600	0.5455	0.6957
Wearable Tech	219	0.90	2	0.9599	0.9524	0.4545	0.6154
Wearable Tech	219	0.95	2	0.9535	1.0000	0.3409	0.5085
Wearable Tech	219	1.00	2	0.9294	0.0000	0.0000	0.0000
Wearable Tech	219	0.00	3	0.0706	0.0706	1.0000	0.1319
Wearable Tech	219	0.05	3	0.4382	0.1077	0.9545	0.1935
Wearable Tech	219	0.10	3	0.8700	0.3391	0.8864	0.4906
Wearable Tech	219	0.15	3	0.9310	0.5068	0.8409	0.6325
Wearable Tech	219	0.20	3	0.9454	0.5781	0.8409	0.6852
Wearable Tech	219	0.25	3	0.9551	0.6481	0.7955	0.7143
Wearable Tech	219	0.30	3	0.9599	0.6939	0.7727	0.7312
Wearable Tech	219	0.35	3	0.9631	0.7333	0.7500	0.7416
Wearable Tech	219	0.40	3	0.9647	0.7750	0.7045	0.7381
Wearable Tech	219	0.45	3	0.9679	0.8158	0.7045	0.7561
Wearable Tech	219	0.50	3	0.9647	0.8056	0.6591	0.7250
Wearable Tech	219	0.55	3	0.9663	0.8485	0.6364	0.7273
Wearable Tech	219	0.60	3	0.9631	0.8387	0.5909	0.6933
Wearable Tech	219	0.65	3	0.9631	0.8387	0.5909	0.6933
Wearable Tech	219	0.70	3	0.9615	0.8571	0.5455	0.6667
Wearable Tech	219	0.75	3	0.9647	0.9231	0.5455	0.6857
Wearable Tech	219	0.80	3	0.9599	0.9130	0.4773	0.6269
Wearable Tech	219	0.85	3	0.9631	1.0000	0.4773	0.6462
Wearable Tech	219	0.90	3	0.9615	1.0000	0.4545	0.6250
Wearable Tech	219	0.95	3	0.9535	1.0000	0.3409	0.5085
Wearable Tech	219	1.00	3	0.9294	0.0000	0.0000	0.0000
Wearable Tech	219	0.00	4	0.0691	0.0691	1.0000	0.1293
Wearable Tech	219	0.05	4	0.3280	0.0933	1.0000	0.1706
Wearable Tech	219	0.10	4	0.8457	0.3066	0.9767	0.4667
Wearable Tech	219	0.15	4	0.9293	0.4940	0.9535	0.6508
Wearable Tech	219	0.20	4	0.9582	0.6393	0.9070	0.7500
Wearable Tech	219	0.25	4	0.9646	0.6909	0.8837	0.7755
Wearable Tech	219	0.30	4	0.9678	0.7170	0.8837	0.7917
Wearable Tech	219	0.35	4	0.9711	0.7551	0.8605	0.8043
Wearable Tech	219	0.40	4	0.9775	0.8222	0.8605	0.8409
Wearable Tech	219	0.45	4	0.9791	0.8409	0.8605	0.8506
Wearable Tech	219	0.50	4	0.9839	0.9231	0.8372	0.8780
Wearable Tech	219	0.55	4	0.9839	0.9231	0.8372	0.8780
Wearable Tech	219	0.60	4	0.9823	0.9444	0.7907	0.8608
Wearable Tech	219	0.65	4	0.9791	0.9412	0.7442	0.8312
Wearable Tech	219	0.70	4	0.9791	0.9412	0.7442	0.8312
Wearable Tech	219	0.75	4	0.9743	0.9355	0.6744	0.7838
Wearable Tech	219	0.80	4	0.9711	0.9310	0.6279	0.7500
Wearable Tech	219	0.85	4	0.9678	0.9600	0.5581	0.7059
Wearable Tech	219	0.90	4	0.9646	1.0000	0.4884	0.6562
Wearable Tech	219	0.95	4	0.9566	1.0000	0.3721	0.5424
Wearable Tech	219	1.00	4	0.9309	0.0000	0.0000	0.0000
Virtual Reality and Augmented Reality	88	0.00	0	0.0288	0.0288	1.0000	0.0561
Virtual Reality and Augmented Reality	88	0.05	0	0.8109	0.1154	0.8333	0.2027
Virtual Reality and Augmented Reality	88	0.10	0	0.9391	0.2826	0.7222	0.4062
Virtual Reality and Augmented Reality	88	0.15	0	0.9615	0.4000	0.6667	0.5000
Virtual Reality and Augmented Reality	88	0.20	0	0.9728	0.5217	0.6667	0.5854
Virtual Reality and Augmented Reality	88	0.25	0	0.9776	0.6000	0.6667	0.6316
Virtual Reality and Augmented Reality	88	0.30	0	0.9840	0.7500	0.6667	0.7059
Virtual Reality and Augmented Reality	88	0.35	0	0.9824	0.7333	0.6111	0.6667
Virtual Reality and Augmented Reality	88	0.40	0	0.9824	0.7333	0.6111	0.6667
Virtual Reality and Augmented Reality	88	0.45	0	0.9824	0.7333	0.6111	0.6667
Virtual Reality and Augmented Reality	88	0.50	0	0.9792	0.6923	0.5000	0.5806
Virtual Reality and Augmented Reality	88	0.55	0	0.9760	0.6364	0.3889	0.4828
Virtual Reality and Augmented Reality	88	0.60	0	0.9792	0.7778	0.3889	0.5185
Virtual Reality and Augmented Reality	88	0.65	0	0.9728	0.6000	0.1667	0.2609
Virtual Reality and Augmented Reality	88	0.70	0	0.9728	0.6667	0.1111	0.1905
Virtual Reality and Augmented Reality	88	0.75	0	0.9744	1.0000	0.1111	0.2000
Virtual Reality and Augmented Reality	88	0.80	0	0.9728	1.0000	0.0556	0.1053
Virtual Reality and Augmented Reality	88	0.85	0	0.9728	1.0000	0.0556	0.1053
Virtual Reality and Augmented Reality	88	0.90	0	0.9728	1.0000	0.0556	0.1053
Virtual Reality and Augmented Reality	88	0.95	0	0.9728	1.0000	0.0556	0.1053
Virtual Reality and Augmented Reality	88	1.00	0	0.9712	0.0000	0.0000	0.0000
Virtual Reality and Augmented Reality	88	0.00	1	0.0289	0.0289	1.0000	0.0562
Virtual Reality and Augmented Reality	88	0.05	1	0.7239	0.0904	0.9444	0.1650
Virtual Reality and Augmented Reality	88	0.10	1	0.9069	0.2297	0.9444	0.3696
Virtual Reality and Augmented Reality	88	0.15	1	0.9294	0.2833	0.9444	0.4359
Virtual Reality and Augmented Reality	88	0.20	1	0.9502	0.3488	0.8333	0.4918
Virtual Reality and Augmented Reality	88	0.25	1	0.9615	0.4167	0.8333	0.5556
Virtual Reality and Augmented Reality	88	0.30	1	0.9615	0.4118	0.7778	0.5385
Virtual Reality and Augmented Reality	88	0.35	1	0.9631	0.4242	0.7778	0.5490
Virtual Reality and Augmented Reality	88	0.40	1	0.9647	0.4375	0.7778	0.5600
Virtual Reality and Augmented Reality	88	0.45	1	0.9695	0.4828	0.7778	0.5957
Virtual Reality and Augmented Reality	88	0.50	1	0.9727	0.5185	0.7778	0.6222
Virtual Reality and Augmented Reality	88	0.55	1	0.9759	0.5600	0.7778	0.6512
Virtual Reality and Augmented Reality	88	0.60	1	0.9791	0.6087	0.7778	0.6829
Virtual Reality and Augmented Reality	88	0.65	1	0.9759	0.5714	0.6667	0.6154
Virtual Reality and Augmented Reality	88	0.70	1	0.9743	0.5500	0.6111	0.5789
Virtual Reality and Augmented Reality	88	0.75	1	0.9759	0.5789	0.6111	0.5946
Virtual Reality and Augmented Reality	88	0.80	1	0.9727	0.5333	0.4444	0.4848
Virtual Reality and Augmented Reality	88	0.85	1	0.9743	0.5833	0.3889	0.4667
Virtual Reality and Augmented Reality	88	0.90	1	0.9759	0.8000	0.2222	0.3478
Virtual Reality and Augmented Reality	88	0.95	1	0.9759	1.0000	0.1667	0.2857
Virtual Reality and Augmented Reality	88	1.00	1	0.9711	0.0000	0.0000	0.0000
Virtual Reality and Augmented Reality	88	0.00	2	0.0289	0.0289	1.0000	0.0562
Virtual Reality and Augmented Reality	88	0.05	2	0.6966	0.0870	1.0000	0.1600
Virtual Reality and Augmented Reality	88	0.10	2	0.9117	0.2319	0.8889	0.3678
Virtual Reality and Augmented Reality	88	0.15	2	0.9486	0.3409	0.8333	0.4839
Virtual Reality and Augmented Reality	88	0.20	2	0.9518	0.3500	0.7778	0.4828
Virtual Reality and Augmented Reality	88	0.25	2	0.9663	0.4483	0.7222	0.5532
Virtual Reality and Augmented Reality	88	0.30	2	0.9711	0.5000	0.7222	0.5909
Virtual Reality and Augmented Reality	88	0.35	2	0.9775	0.5909	0.7222	0.6500
Virtual Reality and Augmented Reality	88	0.40	2	0.9775	0.5909	0.7222	0.6500
Virtual Reality and Augmented Reality	88	0.45	2	0.9775	0.5909	0.7222	0.6500
Virtual Reality and Augmented Reality	88	0.50	2	0.9791	0.6190	0.7222	0.6667
Virtual Reality and Augmented Reality	88	0.55	2	0.9807	0.6500	0.7222	0.6842
Virtual Reality and Augmented Reality	88	0.60	2	0.9807	0.6500	0.7222	0.6842
Virtual Reality and Augmented Reality	88	0.65	2	0.9807	0.6667	0.6667	0.6667
Virtual Reality and Augmented Reality	88	0.70	2	0.9823	0.7333	0.6111	0.6667
Virtual Reality and Augmented Reality	88	0.75	2	0.9856	0.8462	0.6111	0.7097
Virtual Reality and Augmented Reality	88	0.80	2	0.9856	0.8462	0.6111	0.7097
Virtual Reality and Augmented Reality	88	0.85	2	0.9856	0.9091	0.5556	0.6897
Virtual Reality and Augmented Reality	88	0.90	2	0.9823	0.8889	0.4444	0.5926
Virtual Reality and Augmented Reality	88	0.95	2	0.9823	0.8889	0.4444	0.5926
Virtual Reality and Augmented Reality	88	1.00	2	0.9711	0.0000	0.0000	0.0000
Virtual Reality and Augmented Reality	88	0.00	3	0.0273	0.0273	1.0000	0.0532
Virtual Reality and Augmented Reality	88	0.05	3	0.7299	0.0919	1.0000	0.1683
Virtual Reality and Augmented Reality	88	0.10	3	0.9100	0.2254	0.9412	0.3636
Virtual Reality and Augmented Reality	88	0.15	3	0.9373	0.2800	0.8235	0.4179
Virtual Reality and Augmented Reality	88	0.20	3	0.9566	0.3611	0.7647	0.4906
Virtual Reality and Augmented Reality	88	0.25	3	0.9646	0.4138	0.7059	0.5217
Virtual Reality and Augmented Reality	88	0.30	3	0.9678	0.4444	0.7059	0.5455
Virtual Reality and Augmented Reality	88	0.35	3	0.9678	0.4444	0.7059	0.5455
Virtual Reality and Augmented Reality	88	0.40	3	0.9678	0.4444	0.7059	0.5455
Virtual Reality and Augmented Reality	88	0.45	3	0.9695	0.4615	0.7059	0.5581
Virtual Reality and Augmented Reality	88	0.50	3	0.9711	0.4800	0.7059	0.5714
Virtual Reality and Augmented Reality	88	0.55	3	0.9759	0.5455	0.7059	0.6154
Virtual Reality and Augmented Reality	88	0.60	3	0.9759	0.5455	0.7059	0.6154
Virtual Reality and Augmented Reality	88	0.65	3	0.9807	0.6316	0.7059	0.6667
Virtual Reality and Augmented Reality	88	0.70	3	0.9823	0.6667	0.7059	0.6857
Virtual Reality and Augmented Reality	88	0.75	3	0.9807	0.6471	0.6471	0.6471
Virtual Reality and Augmented Reality	88	0.80	3	0.9807	0.6923	0.5294	0.6000
Virtual Reality and Augmented Reality	88	0.85	3	0.9807	0.7273	0.4706	0.5714
Virtual Reality and Augmented Reality	88	0.90	3	0.9807	0.7273	0.4706	0.5714
Virtual Reality and Augmented Reality	88	0.95	3	0.9759	0.6667	0.2353	0.3478
Virtual Reality and Augmented Reality	88	1.00	3	0.9727	0.0000	0.0000	0.0000
Virtual Reality and Augmented Reality	88	0.00	4	0.0273	0.0273	1.0000	0.0532
Virtual Reality and Augmented Reality	88	0.05	4	0.7042	0.0846	1.0000	0.1560
Virtual Reality and Augmented Reality	88	0.10	4	0.8955	0.2073	1.0000	0.3434
Virtual Reality and Augmented Reality	88	0.15	4	0.9260	0.2698	1.0000	0.4250
Virtual Reality and Augmented Reality	88	0.20	4	0.9421	0.3137	0.9412	0.4706
Virtual Reality and Augmented Reality	88	0.25	4	0.9469	0.3182	0.8235	0.4590
Virtual Reality and Augmented Reality	88	0.30	4	0.9502	0.3333	0.8235	0.4746
Virtual Reality and Augmented Reality	88	0.35	4	0.9502	0.3250	0.7647	0.4561
Virtual Reality and Augmented Reality	88	0.40	4	0.9566	0.3529	0.7059	0.4706
Virtual Reality and Augmented Reality	88	0.45	4	0.9550	0.3333	0.6471	0.4400
Virtual Reality and Augmented Reality	88	0.50	4	0.9566	0.3438	0.6471	0.4490
Virtual Reality and Augmented Reality	88	0.55	4	0.9614	0.3793	0.6471	0.4783
Virtual Reality and Augmented Reality	88	0.60	4	0.9630	0.3750	0.5294	0.4390
Virtual Reality and Augmented Reality	88	0.65	4	0.9678	0.4286	0.5294	0.4737
Virtual Reality and Augmented Reality	88	0.70	4	0.9646	0.3529	0.3529	0.3529
Virtual Reality and Augmented Reality	88	0.75	4	0.9662	0.3750	0.3529	0.3636
Virtual Reality and Augmented Reality	88	0.80	4	0.9678	0.3636	0.2353	0.2857
Virtual Reality and Augmented Reality	88	0.85	4	0.9678	0.3636	0.2353	0.2857
Virtual Reality and Augmented Reality	88	0.90	4	0.9711	0.4000	0.1176	0.1818
Virtual Reality and Augmented Reality	88	0.95	4	0.9727	0.5000	0.1176	0.1905
Virtual Reality and Augmented Reality	88	1.00	4	0.9727	0.0000	0.0000	0.0000
Drone	145	0.00	0	0.0465	0.0465	1.0000	0.0890
Drone	145	0.05	0	0.7528	0.1585	1.0000	0.2736
Drone	145	0.10	0	0.9502	0.4833	1.0000	0.6517
Drone	145	0.15	0	0.9711	0.6170	1.0000	0.7632
Drone	145	0.20	0	0.9839	0.7436	1.0000	0.8529
Drone	145	0.25	0	0.9872	0.7838	1.0000	0.8788
Drone	145	0.30	0	0.9872	0.7838	1.0000	0.8788
Drone	145	0.35	0	0.9872	0.7838	1.0000	0.8788
Drone	145	0.40	0	0.9872	0.7838	1.0000	0.8788
Drone	145	0.45	0	0.9856	0.7778	0.9655	0.8615
Drone	145	0.50	0	0.9839	0.7714	0.9310	0.8438
Drone	145	0.55	0	0.9807	0.7576	0.8621	0.8065
Drone	145	0.60	0	0.9807	0.7742	0.8276	0.8000
Drone	145	0.65	0	0.9807	0.7742	0.8276	0.8000
Drone	145	0.70	0	0.9807	0.7931	0.7931	0.7931
Drone	145	0.75	0	0.9807	0.7931	0.7931	0.7931
Drone	145	0.80	0	0.9791	0.7857	0.7586	0.7719
Drone	145	0.85	0	0.9759	0.8182	0.6207	0.7059
Drone	145	0.90	0	0.9743	0.8421	0.5517	0.6667
Drone	145	0.95	0	0.9695	0.8125	0.4483	0.5778
Drone	145	1.00	0	0.9535	0.0000	0.0000	0.0000
Drone	145	0.00	1	0.0465	0.0465	1.0000	0.0890
Drone	145	0.05	1	0.7400	0.1518	1.0000	0.2636
Drone	145	0.10	1	0.9470	0.4677	1.0000	0.6374
Drone	145	0.15	1	0.9711	0.6170	1.0000	0.7632
Drone	145	0.20	1	0.9743	0.6444	1.0000	0.7838
Drone	145	0.25	1	0.9759	0.6667	0.9655	0.7887
Drone	145	0.30	1	0.9791	0.7000	0.9655	0.8116
Drone	145	0.35	1	0.9807	0.7179	0.9655	0.8235
Drone	145	0.40	1	0.9807	0.7179	0.9655	0.8235
Drone	145	0.45	1	0.9807	0.7179	0.9655	0.8235
Drone	145	0.50	1	0.9791	0.7222	0.8966	0.8000
Drone	145	0.55	1	0.9791	0.7353	0.8621	0.7937
Drone	145	0.60	1	0.9791	0.7500	0.8276	0.7869
Drone	145	0.65	1	0.9791	0.7857	0.7586	0.7719
Drone	145	0.70	1	0.9743	0.7600	0.6552	0.7037
Drone	145	0.75	1	0.9727	0.7500	0.6207	0.6792
Drone	145	0.80	1	0.9759	0.8182	0.6207	0.7059
Drone	145	0.85	1	0.9759	0.8500	0.5862	0.6939
Drone	145	0.90	1	0.9727	0.8333	0.5172	0.6383
Drone	145	0.95	1	0.9695	0.9167	0.3793	0.5366
Drone	145	1.00	1	0.9535	0.0000	0.0000	0.0000
Drone	145	0.00	2	0.0465	0.0465	1.0000	0.0890
Drone	145	0.05	2	0.8363	0.2214	1.0000	0.3625
Drone	145	0.10	2	0.9791	0.7105	0.9310	0.8060
Drone	145	0.15	2	0.9807	0.7297	0.9310	0.8182
Drone	145	0.20	2	0.9823	0.7812	0.8621	0.8197
Drone	145	0.25	2	0.9823	0.8000	0.8276	0.8136
Drone	145	0.30	2	0.9839	0.8276	0.8276	0.8276
Drone	145	0.35	2	0.9839	0.8276	0.8276	0.8276
Drone	145	0.40	2	0.9839	0.8519	0.7931	0.8214
Drone	145	0.45	2	0.9839	0.8519	0.7931	0.8214
Drone	145	0.50	2	0.9839	0.8519	0.7931	0.8214
Drone	145	0.55	2	0.9839	0.8519	0.7931	0.8214
Drone	145	0.60	2	0.9807	0.8400	0.7241	0.7778
Drone	145	0.65	2	0.9791	0.8636	0.6552	0.7451
Drone	145	0.70	2	0.9759	0.8500	0.5862	0.6939
Drone	145	0.75	2	0.9775	0.8947	0.5862	0.7083
Drone	145	0.80	2	0.9791	0.9444	0.5862	0.7234
Drone	145	0.85	2	0.9775	0.9412	0.5517	0.6957
Drone	145	0.90	2	0.9695	0.9167	0.3793	0.5366
Drone	145	0.95	2	0.9663	1.0000	0.2759	0.4324
Drone	145	1.00	2	0.9535	0.0000	0.0000	0.0000
Drone	145	0.00	3	0.0465	0.0465	1.0000	0.0890
Drone	145	0.05	3	0.8363	0.2214	1.0000	0.3625
Drone	145	0.10	3	0.9743	0.6512	0.9655	0.7778
Drone	145	0.15	3	0.9823	0.7500	0.9310	0.8308
Drone	145	0.20	3	0.9839	0.7879	0.8966	0.8387
Drone	145	0.25	3	0.9839	0.7879	0.8966	0.8387
Drone	145	0.30	3	0.9839	0.7879	0.8966	0.8387
Drone	145	0.35	3	0.9839	0.7879	0.8966	0.8387
Drone	145	0.40	3	0.9807	0.7742	0.8276	0.8000
Drone	145	0.45	3	0.9807	0.7931	0.7931	0.7931
Drone	145	0.50	3	0.9791	0.7857	0.7586	0.7719
Drone	145	0.55	3	0.9759	0.7692	0.6897	0.7273
Drone	145	0.60	3	0.9743	0.7600	0.6552	0.7037
Drone	145	0.65	3	0.9727	0.7500	0.6207	0.6792
Drone	145	0.70	3	0.9727	0.7500	0.6207	0.6792
Drone	145	0.75	3	0.9775	0.8571	0.6207	0.7200
Drone	145	0.80	3	0.9775	0.8571	0.6207	0.7200
Drone	145	0.85	3	0.9775	0.8571	0.6207	0.7200
Drone	145	0.90	3	0.9759	0.8889	0.5517	0.6809
Drone	145	0.95	3	0.9695	0.8571	0.4138	0.5581
Drone	145	1.00	3	0.9535	0.0000	0.0000	0.0000
Drone	145	0.00	4	0.0466	0.0466	1.0000	0.0891
Drone	145	0.05	4	0.7765	0.1726	1.0000	0.2944
Drone	145	0.10	4	0.9727	0.6304	1.0000	0.7733
Drone	145	0.15	4	0.9775	0.6744	1.0000	0.8056
Drone	145	0.20	4	0.9807	0.7073	1.0000	0.8286
Drone	145	0.25	4	0.9823	0.7250	1.0000	0.8406
Drone	145	0.30	4	0.9839	0.7436	1.0000	0.8529
Drone	145	0.35	4	0.9839	0.7436	1.0000	0.8529
Drone	145	0.40	4	0.9839	0.7436	1.0000	0.8529
Drone	145	0.45	4	0.9839	0.7568	0.9655	0.8485
Drone	145	0.50	4	0.9823	0.7500	0.9310	0.8308
Drone	145	0.55	4	0.9839	0.7879	0.8966	0.8387
Drone	145	0.60	4	0.9807	0.7742	0.8276	0.8000
Drone	145	0.65	4	0.9775	0.7586	0.7586	0.7586
Drone	145	0.70	4	0.9759	0.7500	0.7241	0.7368
Drone	145	0.75	4	0.9775	0.7778	0.7241	0.7500
Drone	145	0.80	4	0.9743	0.7826	0.6207	0.6923
Drone	145	0.85	4	0.9678	0.7368	0.4828	0.5833
Drone	145	0.90	4	0.9662	0.7222	0.4483	0.5532
Drone	145	0.95	4	0.9630	0.7500	0.3103	0.4390
Drone	145	1.00	4	0.9534	0.0000	0.0000	0.0000
NanoTech	155	0.00	0	0.0498	0.0498	1.0000	0.0948
NanoTech	155	0.05	0	0.4318	0.0805	1.0000	0.1490
NanoTech	155	0.10	0	0.9390	0.4478	0.9677	0.6122
NanoTech	155	0.15	0	0.9791	0.7143	0.9677	0.8219
NanoTech	155	0.20	0	0.9872	0.8108	0.9677	0.8824
NanoTech	155	0.25	0	0.9856	0.8056	0.9355	0.8657
NanoTech	155	0.30	0	0.9839	0.8000	0.9032	0.8485
NanoTech	155	0.35	0	0.9823	0.7941	0.8710	0.8308
NanoTech	155	0.40	0	0.9823	0.7941	0.8710	0.8308
NanoTech	155	0.45	0	0.9839	0.8182	0.8710	0.8438
NanoTech	155	0.50	0	0.9807	0.8065	0.8065	0.8065
NanoTech	155	0.55	0	0.9823	0.8333	0.8065	0.8197
NanoTech	155	0.60	0	0.9839	0.8621	0.8065	0.8333
NanoTech	155	0.65	0	0.9807	0.8800	0.7097	0.7857
NanoTech	155	0.70	0	0.9807	0.8800	0.7097	0.7857
NanoTech	155	0.75	0	0.9807	0.9130	0.6774	0.7778
NanoTech	155	0.80	0	0.9791	0.9091	0.6452	0.7547
NanoTech	155	0.85	0	0.9711	0.8824	0.4839	0.6250
NanoTech	155	0.90	0	0.9631	0.8333	0.3226	0.4651
NanoTech	155	0.95	0	0.9551	0.7143	0.1613	0.2632
NanoTech	155	1.00	0	0.9502	0.0000	0.0000	0.0000
NanoTech	155	0.00	1	0.0498	0.0498	1.0000	0.0948
NanoTech	155	0.05	1	0.4591	0.0842	1.0000	0.1554
NanoTech	155	0.10	1	0.9230	0.3924	1.0000	0.5636
NanoTech	155	0.15	1	0.9631	0.5741	1.0000	0.7294
NanoTech	155	0.20	1	0.9807	0.7209	1.0000	0.8378
NanoTech	155	0.25	1	0.9839	0.7561	1.0000	0.8611
NanoTech	155	0.30	1	0.9839	0.7561	1.0000	0.8611
NanoTech	155	0.35	1	0.9823	0.7632	0.9355	0.8406
NanoTech	155	0.40	1	0.9807	0.7568	0.9032	0.8235
NanoTech	155	0.45	1	0.9823	0.7778	0.9032	0.8358
NanoTech	155	0.50	1	0.9839	0.8000	0.9032	0.8485
NanoTech	155	0.55	1	0.9888	0.8750	0.9032	0.8889
NanoTech	155	0.60	1	0.9872	0.8710	0.8710	0.8710
NanoTech	155	0.65	1	0.9823	0.8571	0.7742	0.8136
NanoTech	155	0.70	1	0.9791	0.8462	0.7097	0.7719
NanoTech	155	0.75	1	0.9807	0.8800	0.7097	0.7857
NanoTech	155	0.80	1	0.9775	0.9048	0.6129	0.7308
NanoTech	155	0.85	1	0.9743	0.9412	0.5161	0.6667
NanoTech	155	0.90	1	0.9695	0.9286	0.4194	0.5778
NanoTech	155	0.95	1	0.9615	0.8889	0.2581	0.4000
NanoTech	155	1.00	1	0.9502	0.0000	0.0000	0.0000
NanoTech	155	0.00	2	0.0498	0.0498	1.0000	0.0948
NanoTech	155	0.05	2	0.4783	0.0871	1.0000	0.1602
NanoTech	155	0.10	2	0.9679	0.6078	1.0000	0.7561
NanoTech	155	0.15	2	0.9888	0.8158	1.0000	0.8986
NanoTech	155	0.20	2	0.9856	0.8235	0.9032	0.8615
NanoTech	155	0.25	2	0.9839	0.8182	0.8710	0.8438
NanoTech	155	0.30	2	0.9823	0.8333	0.8065	0.8197
NanoTech	155	0.35	2	0.9807	0.8276	0.7742	0.8000
NanoTech	155	0.40	2	0.9807	0.8276	0.7742	0.8000
NanoTech	155	0.45	2	0.9791	0.8462	0.7097	0.7719
NanoTech	155	0.50	2	0.9807	0.8800	0.7097	0.7857
NanoTech	155	0.55	2	0.9759	0.8636	0.6129	0.7170
NanoTech	155	0.60	2	0.9727	0.8500	0.5484	0.6667
NanoTech	155	0.65	2	0.9743	0.8947	0.5484	0.6800
NanoTech	155	0.70	2	0.9743	0.8947	0.5484	0.6800
NanoTech	155	0.75	2	0.9727	0.8889	0.5161	0.6531
NanoTech	155	0.80	2	0.9711	0.8824	0.4839	0.6250
NanoTech	155	0.85	2	0.9711	0.8824	0.4839	0.6250
NanoTech	155	0.90	2	0.9631	0.8333	0.3226	0.4651
NanoTech	155	0.95	2	0.9583	0.8571	0.1935	0.3158
NanoTech	155	1.00	2	0.9502	0.0000	0.0000	0.0000
NanoTech	155	0.00	3	0.0498	0.0498	1.0000	0.0948
NanoTech	155	0.05	3	0.4960	0.0899	1.0000	0.1649
NanoTech	155	0.10	3	0.9438	0.4697	1.0000	0.6392
NanoTech	155	0.15	3	0.9711	0.6383	0.9677	0.7692
NanoTech	155	0.20	3	0.9807	0.7436	0.9355	0.8286
NanoTech	155	0.25	3	0.9839	0.8000	0.9032	0.8485
NanoTech	155	0.30	3	0.9872	0.8485	0.9032	0.8750
NanoTech	155	0.35	3	0.9872	0.8485	0.9032	0.8750
NanoTech	155	0.40	3	0.9872	0.8485	0.9032	0.8750
NanoTech	155	0.45	3	0.9823	0.8333	0.8065	0.8197
NanoTech	155	0.50	3	0.9791	0.8462	0.7097	0.7719
NanoTech	155	0.55	3	0.9791	0.8750	0.6774	0.7636
NanoTech	155	0.60	3	0.9775	0.8696	0.6452	0.7407
NanoTech	155	0.65	3	0.9775	0.8696	0.6452	0.7407
NanoTech	155	0.70	3	0.9775	0.8696	0.6452	0.7407
NanoTech	155	0.75	3	0.9743	0.8571	0.5806	0.6923
NanoTech	155	0.80	3	0.9743	0.8571	0.5806	0.6923
NanoTech	155	0.85	3	0.9711	0.8824	0.4839	0.6250
NanoTech	155	0.90	3	0.9647	0.8462	0.3548	0.5000
NanoTech	155	0.95	3	0.9631	0.9000	0.2903	0.4390
NanoTech	155	1.00	3	0.9502	0.0000	0.0000	0.0000
NanoTech	155	0.00	4	0.0498	0.0498	1.0000	0.0949
NanoTech	155	0.05	4	0.4614	0.0847	1.0000	0.1562
NanoTech	155	0.10	4	0.9325	0.4225	0.9677	0.5882
NanoTech	155	0.15	4	0.9727	0.6522	0.9677	0.7792
NanoTech	155	0.20	4	0.9839	0.7692	0.9677	0.8571
NanoTech	155	0.25	4	0.9887	0.8529	0.9355	0.8923
NanoTech	155	0.30	4	0.9887	0.8529	0.9355	0.8923
NanoTech	155	0.35	4	0.9855	0.8438	0.8710	0.8571
NanoTech	155	0.40	4	0.9839	0.8387	0.8387	0.8387
NanoTech	155	0.45	4	0.9823	0.8333	0.8065	0.8197
NanoTech	155	0.50	4	0.9839	0.8621	0.8065	0.8333
NanoTech	155	0.55	4	0.9823	0.8571	0.7742	0.8136
NanoTech	155	0.60	4	0.9839	0.8889	0.7742	0.8276
NanoTech	155	0.65	4	0.9807	0.8800	0.7097	0.7857
NanoTech	155	0.70	4	0.9759	0.9000	0.5806	0.7059
NanoTech	155	0.75	4	0.9743	0.8947	0.5484	0.6800
NanoTech	155	0.80	4	0.9759	0.9444	0.5484	0.6939
NanoTech	155	0.85	4	0.9695	0.9286	0.4194	0.5778
NanoTech	155	0.90	4	0.9662	1.0000	0.3226	0.4878
NanoTech	155	0.95	4	0.9614	1.0000	0.2258	0.3684
NanoTech	155	1.00	4	0.9502	0.0000	0.0000	0.0000
Manufacturing	150	0.00	0	0.0482	0.0482	1.0000	0.0919
Manufacturing	150	0.05	0	0.3788	0.0699	0.9667	0.1303
Manufacturing	150	0.10	0	0.8668	0.2569	0.9333	0.4029
Manufacturing	150	0.15	0	0.9326	0.4118	0.9333	0.5714
Manufacturing	150	0.20	0	0.9406	0.4386	0.8333	0.5747
Manufacturing	150	0.25	0	0.9567	0.5333	0.8000	0.6400
Manufacturing	150	0.30	0	0.9647	0.6000	0.8000	0.6857
Manufacturing	150	0.35	0	0.9711	0.6765	0.7667	0.7188
Manufacturing	150	0.40	0	0.9743	0.7188	0.7667	0.7419
Manufacturing	150	0.45	0	0.9743	0.7333	0.7333	0.7333
Manufacturing	150	0.50	0	0.9759	0.7586	0.7333	0.7458
Manufacturing	150	0.55	0	0.9711	0.7308	0.6333	0.6786
Manufacturing	150	0.60	0	0.9679	0.7083	0.5667	0.6296
Manufacturing	150	0.65	0	0.9663	0.7368	0.4667	0.5714
Manufacturing	150	0.70	0	0.9615	0.6875	0.3667	0.4783
Manufacturing	150	0.75	0	0.9599	0.6923	0.3000	0.4186
Manufacturing	150	0.80	0	0.9599	0.7778	0.2333	0.3590
Manufacturing	150	0.85	0	0.9615	1.0000	0.2000	0.3333
Manufacturing	150	0.90	0	0.9583	1.0000	0.1333	0.2353
Manufacturing	150	0.95	0	0.9583	1.0000	0.1333	0.2353
Manufacturing	150	1.00	0	0.9518	0.0000	0.0000	0.0000
Manufacturing	150	0.00	1	0.0482	0.0482	1.0000	0.0919
Manufacturing	150	0.05	1	0.3499	0.0670	0.9667	0.1253
Manufacturing	150	0.10	1	0.7737	0.1636	0.9000	0.2769
Manufacturing	150	0.15	1	0.8684	0.2500	0.8667	0.3881
Manufacturing	150	0.20	1	0.9037	0.3125	0.8333	0.4545
Manufacturing	150	0.25	1	0.9181	0.3478	0.8000	0.4848
Manufacturing	150	0.30	1	0.9262	0.3750	0.8000	0.5106
Manufacturing	150	0.35	1	0.9326	0.3966	0.7667	0.5227
Manufacturing	150	0.40	1	0.9390	0.4200	0.7000	0.5250
Manufacturing	150	0.45	1	0.9486	0.4762	0.6667	0.5556
Manufacturing	150	0.50	1	0.9502	0.4872	0.6333	0.5507
Manufacturing	150	0.55	1	0.9518	0.5000	0.6000	0.5455
Manufacturing	150	0.60	1	0.9535	0.5152	0.5667	0.5397
Manufacturing	150	0.65	1	0.9518	0.5000	0.4667	0.4828
Manufacturing	150	0.70	1	0.9518	0.5000	0.4333	0.4643
Manufacturing	150	0.75	1	0.9518	0.5000	0.3667	0.4231
Manufacturing	150	0.80	1	0.9518	0.5000	0.3000	0.3750
Manufacturing	150	0.85	1	0.9567	0.6000	0.3000	0.4000
Manufacturing	150	0.90	1	0.9518	0.5000	0.2000	0.2857
Manufacturing	150	0.95	1	0.9518	0.5000	0.1000	0.1667
Manufacturing	150	1.00	1	0.9518	0.0000	0.0000	0.0000
Manufacturing	150	0.00	2	0.0482	0.0482	1.0000	0.0919
Manufacturing	150	0.05	2	0.3804	0.0680	0.9333	0.1267
Manufacturing	150	0.10	2	0.8154	0.1705	0.7333	0.2767
Manufacturing	150	0.15	2	0.8909	0.2564	0.6667	0.3704
Manufacturing	150	0.20	2	0.9037	0.2857	0.6667	0.4000
Manufacturing	150	0.25	2	0.9117	0.3016	0.6333	0.4086
Manufacturing	150	0.30	2	0.9197	0.3214	0.6000	0.4186
Manufacturing	150	0.35	2	0.9278	0.3529	0.6000	0.4444
Manufacturing	150	0.40	2	0.9342	0.3830	0.6000	0.4675
Manufacturing	150	0.45	2	0.9406	0.4186	0.6000	0.4932
Manufacturing	150	0.50	2	0.9422	0.4250	0.5667	0.4857
Manufacturing	150	0.55	2	0.9438	0.4324	0.5333	0.4776
Manufacturing	150	0.60	2	0.9470	0.4571	0.5333	0.4923
Manufacturing	150	0.65	2	0.9438	0.4242	0.4667	0.4444
Manufacturing	150	0.70	2	0.9390	0.3667	0.3667	0.3667
Manufacturing	150	0.75	2	0.9374	0.3333	0.3000	0.3158
Manufacturing	150	0.80	2	0.9342	0.2609	0.2000	0.2264
Manufacturing	150	0.85	2	0.9406	0.2667	0.1333	0.1778
Manufacturing	150	0.90	2	0.9470	0.3333	0.1000	0.1538
Manufacturing	150	0.95	2	0.9454	0.1667	0.0333	0.0556
Manufacturing	150	1.00	2	0.9518	0.0000	0.0000	0.0000
Manufacturing	150	0.00	3	0.0482	0.0482	1.0000	0.0919
Manufacturing	150	0.05	3	0.3355	0.0676	1.0000	0.1266
Manufacturing	150	0.10	3	0.8138	0.2055	1.0000	0.3409
Manufacturing	150	0.15	3	0.9005	0.3261	1.0000	0.4918
Manufacturing	150	0.20	3	0.9149	0.3580	0.9667	0.5225
Manufacturing	150	0.25	3	0.9262	0.3889	0.9333	0.5490
Manufacturing	150	0.30	3	0.9342	0.4154	0.9000	0.5684
Manufacturing	150	0.35	3	0.9406	0.4386	0.8333	0.5747
Manufacturing	150	0.40	3	0.9422	0.4400	0.7333	0.5500
Manufacturing	150	0.45	3	0.9454	0.4583	0.7333	0.5641
Manufacturing	150	0.50	3	0.9486	0.4737	0.6000	0.5294
Manufacturing	150	0.55	3	0.9470	0.4595	0.5667	0.5075
Manufacturing	150	0.60	3	0.9470	0.4545	0.5000	0.4762
Manufacturing	150	0.65	3	0.9438	0.4074	0.3667	0.3860
Manufacturing	150	0.70	3	0.9470	0.4348	0.3333	0.3774
Manufacturing	150	0.75	3	0.9438	0.3810	0.2667	0.3137
Manufacturing	150	0.80	3	0.9454	0.3889	0.2333	0.2917
Manufacturing	150	0.85	3	0.9502	0.4615	0.2000	0.2791
Manufacturing	150	0.90	3	0.9502	0.4545	0.1667	0.2439
Manufacturing	150	0.95	3	0.9535	0.5714	0.1333	0.2162
Manufacturing	150	1.00	3	0.9518	0.0000	0.0000	0.0000
Manufacturing	150	0.00	4	0.0482	0.0482	1.0000	0.0920
Manufacturing	150	0.05	4	0.3666	0.0708	1.0000	0.1322
Manufacturing	150	0.10	4	0.8215	0.2044	0.9333	0.3353
Manufacturing	150	0.15	4	0.8939	0.3000	0.9000	0.4500
Manufacturing	150	0.20	4	0.9244	0.3768	0.8667	0.5253
Manufacturing	150	0.25	4	0.9309	0.3968	0.8333	0.5376
Manufacturing	150	0.30	4	0.9325	0.4000	0.8000	0.5333
Manufacturing	150	0.35	4	0.9341	0.4035	0.7667	0.5287
Manufacturing	150	0.40	4	0.9373	0.4182	0.7667	0.5412
Manufacturing	150	0.45	4	0.9373	0.4151	0.7333	0.5301
Manufacturing	150	0.50	4	0.9373	0.4082	0.6667	0.5063
Manufacturing	150	0.55	4	0.9357	0.3913	0.6000	0.4737
Manufacturing	150	0.60	4	0.9389	0.4091	0.6000	0.4865
Manufacturing	150	0.65	4	0.9453	0.4474	0.5667	0.5000
Manufacturing	150	0.70	4	0.9453	0.4412	0.5000	0.4688
Manufacturing	150	0.75	4	0.9453	0.4333	0.4333	0.4333
Manufacturing	150	0.80	4	0.9453	0.4167	0.3333	0.3704
Manufacturing	150	0.85	4	0.9453	0.3889	0.2333	0.2917
Manufacturing	150	0.90	4	0.9453	0.3571	0.1667	0.2273
Manufacturing	150	0.95	4	0.9518	0.5000	0.1000	0.1667
Manufacturing	150	1.00	4	0.9518	0.0000	0.0000	0.0000
Ecommerce	204	0.00	0	0.0658	0.0658	1.0000	0.1235
Ecommerce	204	0.05	0	0.3884	0.0972	1.0000	0.1771
Ecommerce	204	0.10	0	0.9117	0.4271	1.0000	0.5985
Ecommerce	204	0.15	0	0.9695	0.6833	1.0000	0.8119
Ecommerce	204	0.20	0	0.9872	0.8367	1.0000	0.9111
Ecommerce	204	0.25	0	0.9904	0.8723	1.0000	0.9318
Ecommerce	204	0.30	0	0.9872	0.8667	0.9512	0.9070
Ecommerce	204	0.35	0	0.9888	0.8864	0.9512	0.9176
Ecommerce	204	0.40	0	0.9888	0.8864	0.9512	0.9176
Ecommerce	204	0.45	0	0.9920	0.9286	0.9512	0.9398
Ecommerce	204	0.50	0	0.9936	0.9744	0.9268	0.9500
Ecommerce	204	0.55	0	0.9920	0.9737	0.9024	0.9367
Ecommerce	204	0.60	0	0.9920	0.9737	0.9024	0.9367
Ecommerce	204	0.65	0	0.9904	0.9730	0.8780	0.9231
Ecommerce	204	0.70	0	0.9872	0.9714	0.8293	0.8947
Ecommerce	204	0.75	0	0.9872	0.9714	0.8293	0.8947
Ecommerce	204	0.80	0	0.9839	0.9697	0.7805	0.8649
Ecommerce	204	0.85	0	0.9807	0.9677	0.7317	0.8333
Ecommerce	204	0.90	0	0.9807	0.9677	0.7317	0.8333
Ecommerce	204	0.95	0	0.9759	0.9643	0.6585	0.7826
Ecommerce	204	1.00	0	0.9342	0.0000	0.0000	0.0000
Ecommerce	204	0.00	1	0.0658	0.0658	1.0000	0.1235
Ecommerce	204	0.05	1	0.5666	0.1318	1.0000	0.2330
Ecommerce	204	0.10	1	0.9278	0.4744	0.9024	0.6218
Ecommerce	204	0.15	1	0.9615	0.6491	0.9024	0.7551
Ecommerce	204	0.20	1	0.9727	0.7400	0.9024	0.8132
Ecommerce	204	0.25	1	0.9839	0.8605	0.9024	0.8810
Ecommerce	204	0.30	1	0.9839	0.8974	0.8537	0.8750
Ecommerce	204	0.35	1	0.9823	0.8947	0.8293	0.8608
Ecommerce	204	0.40	1	0.9839	0.9429	0.8049	0.8684
Ecommerce	204	0.45	1	0.9839	0.9429	0.8049	0.8684
Ecommerce	204	0.50	1	0.9839	0.9429	0.8049	0.8684
Ecommerce	204	0.55	1	0.9823	0.9412	0.7805	0.8533
Ecommerce	204	0.60	1	0.9807	0.9394	0.7561	0.8378
Ecommerce	204	0.65	1	0.9823	0.9688	0.7561	0.8493
Ecommerce	204	0.70	1	0.9807	0.9677	0.7317	0.8333
Ecommerce	204	0.75	1	0.9791	0.9667	0.7073	0.8169
Ecommerce	204	0.80	1	0.9791	0.9667	0.7073	0.8169
Ecommerce	204	0.85	1	0.9727	0.9615	0.6098	0.7463
Ecommerce	204	0.90	1	0.9711	1.0000	0.5610	0.7188
Ecommerce	204	0.95	1	0.9647	1.0000	0.4634	0.6333
Ecommerce	204	1.00	1	0.9342	0.0000	0.0000	0.0000
Ecommerce	204	0.00	2	0.0658	0.0658	1.0000	0.1235
Ecommerce	204	0.05	2	0.4976	0.1158	1.0000	0.2076
Ecommerce	204	0.10	2	0.9599	0.6379	0.9024	0.7475
Ecommerce	204	0.15	2	0.9904	0.9487	0.9024	0.9250
Ecommerce	204	0.20	2	0.9888	0.9722	0.8537	0.9091
Ecommerce	204	0.25	2	0.9888	0.9722	0.8537	0.9091
Ecommerce	204	0.30	2	0.9888	0.9722	0.8537	0.9091
Ecommerce	204	0.35	2	0.9888	0.9722	0.8537	0.9091
Ecommerce	204	0.40	2	0.9856	0.9706	0.8049	0.8800
Ecommerce	204	0.45	2	0.9839	0.9697	0.7805	0.8649
Ecommerce	204	0.50	2	0.9839	0.9697	0.7805	0.8649
Ecommerce	204	0.55	2	0.9839	0.9697	0.7805	0.8649
Ecommerce	204	0.60	2	0.9823	0.9688	0.7561	0.8493
Ecommerce	204	0.65	2	0.9839	1.0000	0.7561	0.8611
Ecommerce	204	0.70	2	0.9839	1.0000	0.7561	0.8611
Ecommerce	204	0.75	2	0.9823	1.0000	0.7317	0.8451
Ecommerce	204	0.80	2	0.9791	1.0000	0.6829	0.8116
Ecommerce	204	0.85	2	0.9775	1.0000	0.6585	0.7941
Ecommerce	204	0.90	2	0.9743	1.0000	0.6098	0.7576
Ecommerce	204	0.95	2	0.9695	1.0000	0.5366	0.6984
Ecommerce	204	1.00	2	0.9342	0.0000	0.0000	0.0000
Ecommerce	204	0.00	3	0.0658	0.0658	1.0000	0.1235
Ecommerce	204	0.05	3	0.4334	0.1041	1.0000	0.1885
Ecommerce	204	0.10	3	0.9037	0.4021	0.9512	0.5652
Ecommerce	204	0.15	3	0.9583	0.6230	0.9268	0.7451
Ecommerce	204	0.20	3	0.9727	0.7308	0.9268	0.8172
Ecommerce	204	0.25	3	0.9807	0.8085	0.9268	0.8636
Ecommerce	204	0.30	3	0.9888	0.9048	0.9268	0.9157
Ecommerce	204	0.35	3	0.9888	0.9250	0.9024	0.9136
Ecommerce	204	0.40	3	0.9888	0.9250	0.9024	0.9136
Ecommerce	204	0.45	3	0.9904	0.9487	0.9024	0.9250
Ecommerce	204	0.50	3	0.9904	0.9487	0.9024	0.9250
Ecommerce	204	0.55	3	0.9920	0.9737	0.9024	0.9367
Ecommerce	204	0.60	3	0.9920	0.9737	0.9024	0.9367
Ecommerce	204	0.65	3	0.9904	0.9730	0.8780	0.9231
Ecommerce	204	0.70	3	0.9888	0.9722	0.8537	0.9091
Ecommerce	204	0.75	3	0.9888	0.9722	0.8537	0.9091
Ecommerce	204	0.80	3	0.9888	0.9722	0.8537	0.9091
Ecommerce	204	0.85	3	0.9888	1.0000	0.8293	0.9067
Ecommerce	204	0.90	3	0.9823	1.0000	0.7317	0.8451
Ecommerce	204	0.95	3	0.9759	1.0000	0.6341	0.7761
Ecommerce	204	1.00	3	0.9342	0.0000	0.0000	0.0000
Ecommerce	204	0.00	4	0.0643	0.0643	1.0000	0.1208
Ecommerce	204	0.05	4	0.4469	0.1000	0.9500	0.1810
Ecommerce	204	0.10	4	0.9180	0.4353	0.9250	0.5920
Ecommerce	204	0.15	4	0.9775	0.7708	0.9250	0.8409
Ecommerce	204	0.20	4	0.9871	0.8810	0.9250	0.9024
Ecommerce	204	0.25	4	0.9920	0.9487	0.9250	0.9367
Ecommerce	204	0.30	4	0.9920	0.9487	0.9250	0.9367
Ecommerce	204	0.35	4	0.9936	0.9737	0.9250	0.9487
Ecommerce	204	0.40	4	0.9936	1.0000	0.9000	0.9474
Ecommerce	204	0.45	4	0.9904	1.0000	0.8500	0.9189
Ecommerce	204	0.50	4	0.9904	1.0000	0.8500	0.9189
Ecommerce	204	0.55	4	0.9887	1.0000	0.8250	0.9041
Ecommerce	204	0.60	4	0.9887	1.0000	0.8250	0.9041
Ecommerce	204	0.65	4	0.9887	1.0000	0.8250	0.9041
Ecommerce	204	0.70	4	0.9887	1.0000	0.8250	0.9041
Ecommerce	204	0.75	4	0.9887	1.0000	0.8250	0.9041
Ecommerce	204	0.80	4	0.9839	1.0000	0.7500	0.8571
Ecommerce	204	0.85	4	0.9839	1.0000	0.7500	0.8571
Ecommerce	204	0.90	4	0.9711	1.0000	0.5500	0.7097
Ecommerce	204	0.95	4	0.9662	1.0000	0.4750	0.6441
Ecommerce	204	1.00	4	0.9357	0.0000	0.0000	0.0000
Artificial Intelligence	197	0.00	0	0.0641	0.0641	1.0000	0.1205
Artificial Intelligence	197	0.05	0	0.5705	0.1275	0.9750	0.2254
Artificial Intelligence	197	0.10	0	0.9215	0.4471	0.9500	0.6080
Artificial Intelligence	197	0.15	0	0.9679	0.6852	0.9250	0.7872
Artificial Intelligence	197	0.20	0	0.9808	0.8333	0.8750	0.8537
Artificial Intelligence	197	0.25	0	0.9872	0.9211	0.8750	0.8974
Artificial Intelligence	197	0.30	0	0.9888	0.9459	0.8750	0.9091
Artificial Intelligence	197	0.35	0	0.9888	0.9459	0.8750	0.9091
Artificial Intelligence	197	0.40	0	0.9888	0.9459	0.8750	0.9091
Artificial Intelligence	197	0.45	0	0.9872	0.9444	0.8500	0.8947
Artificial Intelligence	197	0.50	0	0.9904	1.0000	0.8500	0.9189
Artificial Intelligence	197	0.55	0	0.9888	1.0000	0.8250	0.9041
Artificial Intelligence	197	0.60	0	0.9872	1.0000	0.8000	0.8889
Artificial Intelligence	197	0.65	0	0.9872	1.0000	0.8000	0.8889
Artificial Intelligence	197	0.70	0	0.9856	1.0000	0.7750	0.8732
Artificial Intelligence	197	0.75	0	0.9856	1.0000	0.7750	0.8732
Artificial Intelligence	197	0.80	0	0.9824	1.0000	0.7250	0.8406
Artificial Intelligence	197	0.85	0	0.9808	1.0000	0.7000	0.8235
Artificial Intelligence	197	0.90	0	0.9760	1.0000	0.6250	0.7692
Artificial Intelligence	197	0.95	0	0.9696	1.0000	0.5250	0.6885
Artificial Intelligence	197	1.00	0	0.9359	0.0000	0.0000	0.0000
Artificial Intelligence	197	0.00	1	0.0641	0.0641	1.0000	0.1205
Artificial Intelligence	197	0.05	1	0.5144	0.1144	0.9750	0.2047
Artificial Intelligence	197	0.10	1	0.9135	0.4205	0.9250	0.5781
Artificial Intelligence	197	0.15	1	0.9615	0.6429	0.9000	0.7500
Artificial Intelligence	197	0.20	1	0.9776	0.7955	0.8750	0.8333
Artificial Intelligence	197	0.25	1	0.9824	0.8537	0.8750	0.8642
Artificial Intelligence	197	0.30	1	0.9840	0.8750	0.8750	0.8750
Artificial Intelligence	197	0.35	1	0.9856	0.8974	0.8750	0.8861
Artificial Intelligence	197	0.40	1	0.9872	0.9211	0.8750	0.8974
Artificial Intelligence	197	0.45	1	0.9872	0.9211	0.8750	0.8974
Artificial Intelligence	197	0.50	1	0.9872	0.9211	0.8750	0.8974
Artificial Intelligence	197	0.55	1	0.9856	0.9189	0.8500	0.8831
Artificial Intelligence	197	0.60	1	0.9872	0.9444	0.8500	0.8947
Artificial Intelligence	197	0.65	1	0.9840	0.9412	0.8000	0.8649
Artificial Intelligence	197	0.70	1	0.9824	0.9394	0.7750	0.8493
Artificial Intelligence	197	0.75	1	0.9808	0.9375	0.7500	0.8333
Artificial Intelligence	197	0.80	1	0.9792	0.9355	0.7250	0.8169
Artificial Intelligence	197	0.85	1	0.9728	0.9259	0.6250	0.7463
Artificial Intelligence	197	0.90	1	0.9696	0.9565	0.5500	0.6984
Artificial Intelligence	197	0.95	1	0.9663	0.9524	0.5000	0.6557
Artificial Intelligence	197	1.00	1	0.9359	0.0000	0.0000	0.0000
Artificial Intelligence	197	0.00	2	0.0627	0.0627	1.0000	0.1180
Artificial Intelligence	197	0.05	2	0.5338	0.1185	1.0000	0.2120
Artificial Intelligence	197	0.10	2	0.9132	0.4176	0.9744	0.5846
Artificial Intelligence	197	0.15	2	0.9646	0.6441	0.9744	0.7755
Artificial Intelligence	197	0.20	2	0.9871	0.8444	0.9744	0.9048
Artificial Intelligence	197	0.25	2	0.9904	0.8837	0.9744	0.9268
Artificial Intelligence	197	0.30	2	0.9887	0.9211	0.8974	0.9091
Artificial Intelligence	197	0.35	2	0.9871	0.9189	0.8718	0.8947
Artificial Intelligence	197	0.40	2	0.9871	0.9697	0.8205	0.8889
Artificial Intelligence	197	0.45	2	0.9855	0.9688	0.7949	0.8732
Artificial Intelligence	197	0.50	2	0.9839	0.9677	0.7692	0.8571
Artificial Intelligence	197	0.55	2	0.9807	0.9655	0.7179	0.8235
Artificial Intelligence	197	0.60	2	0.9807	0.9655	0.7179	0.8235
Artificial Intelligence	197	0.65	2	0.9791	0.9643	0.6923	0.8060
Artificial Intelligence	197	0.70	2	0.9791	0.9643	0.6923	0.8060
Artificial Intelligence	197	0.75	2	0.9775	0.9630	0.6667	0.7879
Artificial Intelligence	197	0.80	2	0.9743	0.9600	0.6154	0.7500
Artificial Intelligence	197	0.85	2	0.9662	0.9500	0.4872	0.6441
Artificial Intelligence	197	0.90	2	0.9646	0.9474	0.4615	0.6207
Artificial Intelligence	197	0.95	2	0.9566	0.9286	0.3333	0.4906
Artificial Intelligence	197	1.00	2	0.9373	0.0000	0.0000	0.0000
Artificial Intelligence	197	0.00	3	0.0627	0.0627	1.0000	0.1180
Artificial Intelligence	197	0.05	3	0.4469	0.1018	1.0000	0.1848
Artificial Intelligence	197	0.10	3	0.9293	0.4691	0.9744	0.6333
Artificial Intelligence	197	0.15	3	0.9759	0.7308	0.9744	0.8352
Artificial Intelligence	197	0.20	3	0.9871	0.8444	0.9744	0.9048
Artificial Intelligence	197	0.25	3	0.9904	0.9024	0.9487	0.9250
Artificial Intelligence	197	0.30	3	0.9920	0.9250	0.9487	0.9367
Artificial Intelligence	197	0.35	3	0.9936	0.9487	0.9487	0.9487
Artificial Intelligence	197	0.40	3	0.9920	0.9474	0.9231	0.9351
Artificial Intelligence	197	0.45	3	0.9920	0.9722	0.8974	0.9333
Artificial Intelligence	197	0.50	3	0.9920	0.9722	0.8974	0.9333
Artificial Intelligence	197	0.55	3	0.9920	0.9722	0.8974	0.9333
Artificial Intelligence	197	0.60	3	0.9904	0.9714	0.8718	0.9189
Artificial Intelligence	197	0.65	3	0.9887	0.9706	0.8462	0.9041
Artificial Intelligence	197	0.70	3	0.9887	0.9706	0.8462	0.9041
Artificial Intelligence	197	0.75	3	0.9839	0.9677	0.7692	0.8571
Artificial Intelligence	197	0.80	3	0.9807	0.9655	0.7179	0.8235
Artificial Intelligence	197	0.85	3	0.9823	1.0000	0.7179	0.8358
Artificial Intelligence	197	0.90	3	0.9759	1.0000	0.6154	0.7619
Artificial Intelligence	197	0.95	3	0.9630	1.0000	0.4103	0.5818
Artificial Intelligence	197	1.00	3	0.9373	0.0000	0.0000	0.0000
Artificial Intelligence	197	0.00	4	0.0627	0.0627	1.0000	0.1180
Artificial Intelligence	197	0.05	4	0.4421	0.1010	1.0000	0.1835
Artificial Intelligence	197	0.10	4	0.9132	0.4194	1.0000	0.5909
Artificial Intelligence	197	0.15	4	0.9614	0.6230	0.9744	0.7600
Artificial Intelligence	197	0.20	4	0.9839	0.8085	0.9744	0.8837
Artificial Intelligence	197	0.25	4	0.9855	0.8261	0.9744	0.8941
Artificial Intelligence	197	0.30	4	0.9871	0.8444	0.9744	0.9048
Artificial Intelligence	197	0.35	4	0.9904	0.8837	0.9744	0.9268
Artificial Intelligence	197	0.40	4	0.9904	0.9024	0.9487	0.9250
Artificial Intelligence	197	0.45	4	0.9904	0.9231	0.9231	0.9231
Artificial Intelligence	197	0.50	4	0.9936	0.9730	0.9231	0.9474
Artificial Intelligence	197	0.55	4	0.9920	0.9722	0.8974	0.9333
Artificial Intelligence	197	0.60	4	0.9904	0.9714	0.8718	0.9189
Artificial Intelligence	197	0.65	4	0.9871	0.9697	0.8205	0.8889
Artificial Intelligence	197	0.70	4	0.9855	0.9688	0.7949	0.8732
Artificial Intelligence	197	0.75	4	0.9871	1.0000	0.7949	0.8857
Artificial Intelligence	197	0.80	4	0.9839	1.0000	0.7436	0.8529
Artificial Intelligence	197	0.85	4	0.9775	1.0000	0.6410	0.7813
Artificial Intelligence	197	0.90	4	0.9759	1.0000	0.6154	0.7619
Artificial Intelligence	197	0.95	4	0.9711	1.0000	0.5385	0.7000
Artificial Intelligence	197	1.00	4	0.9373	0.0000	0.0000	0.0000
