LABEL	POS_CNT	THRESHOLD	FOLD	ACCURACY	PRECISION	RECALL	F1
BioTech	185	0.00	0	0.0594	0.0594	1.0000	0.1121
BioTech	185	0.05	0	0.1685	0.0667	1.0000	0.1250
BioTech	185	0.10	0	0.8379	0.2647	0.9730	0.4162
BioTech	185	0.15	0	0.9631	0.6250	0.9459	0.7527
BioTech	185	0.20	0	0.9727	0.7083	0.9189	0.8000
BioTech	185	0.25	0	0.9759	0.7391	0.9189	0.8193
BioTech	185	0.30	0	0.9775	0.7556	0.9189	0.8293
BioTech	185	0.35	0	0.9791	0.7727	0.9189	0.8395
BioTech	185	0.40	0	0.9759	0.7619	0.8649	0.8101
BioTech	185	0.45	0	0.9711	0.7436	0.7838	0.7632
BioTech	185	0.50	0	0.9663	0.7500	0.6486	0.6957
BioTech	185	0.55	0	0.9631	0.7500	0.5676	0.6462
BioTech	185	0.60	0	0.9647	0.7778	0.5676	0.6562
BioTech	185	0.65	0	0.9615	0.7600	0.5135	0.6129
BioTech	185	0.70	0	0.9583	0.7391	0.4595	0.5667
BioTech	185	0.75	0	0.9551	0.7368	0.3784	0.5000
BioTech	185	0.80	0	0.9518	0.7333	0.2973	0.4231
BioTech	185	0.85	0	0.9454	0.6364	0.1892	0.2917
BioTech	185	0.90	0	0.9438	0.6000	0.1622	0.2553
BioTech	185	0.95	0	0.9438	0.7500	0.0811	0.1463
BioTech	185	1.00	0	0.9406	0.0000	0.0000	0.0000
BioTech	185	0.00	1	0.0594	0.0594	1.0000	0.1121
BioTech	185	0.05	1	0.1958	0.0688	1.0000	0.1287
BioTech	185	0.10	1	0.7929	0.2229	1.0000	0.3645
BioTech	185	0.15	1	0.9213	0.4302	1.0000	0.6016
BioTech	185	0.20	1	0.9631	0.6250	0.9459	0.7527
BioTech	185	0.25	1	0.9775	0.7556	0.9189	0.8293
BioTech	185	0.30	1	0.9823	0.8421	0.8649	0.8533
BioTech	185	0.35	1	0.9888	0.9688	0.8378	0.8986
BioTech	185	0.40	1	0.9872	0.9677	0.8108	0.8824
BioTech	185	0.45	1	0.9839	1.0000	0.7297	0.8437
BioTech	185	0.50	1	0.9823	1.0000	0.7027	0.8254
BioTech	185	0.55	1	0.9823	1.0000	0.7027	0.8254
BioTech	185	0.60	1	0.9807	1.0000	0.6757	0.8065
BioTech	185	0.65	1	0.9791	1.0000	0.6486	0.7869
BioTech	185	0.70	1	0.9759	1.0000	0.5946	0.7458
BioTech	185	0.75	1	0.9695	1.0000	0.4865	0.6545
BioTech	185	0.80	1	0.9615	1.0000	0.3514	0.5200
BioTech	185	0.85	1	0.9567	1.0000	0.2703	0.4255
BioTech	185	0.90	1	0.9535	1.0000	0.2162	0.3556
BioTech	185	0.95	1	0.9486	1.0000	0.1351	0.2381
BioTech	185	1.00	1	0.9406	0.0000	0.0000	0.0000
BioTech	185	0.00	2	0.0594	0.0594	1.0000	0.1121
BioTech	185	0.05	2	0.2119	0.0701	1.0000	0.1310
BioTech	185	0.10	2	0.7978	0.2270	1.0000	0.3700
BioTech	185	0.15	2	0.9246	0.4359	0.9189	0.5913
BioTech	185	0.20	2	0.9615	0.6275	0.8649	0.7273
BioTech	185	0.25	2	0.9711	0.7317	0.8108	0.7692
BioTech	185	0.30	2	0.9839	0.9355	0.7838	0.8529
BioTech	185	0.35	2	0.9839	0.9355	0.7838	0.8529
BioTech	185	0.40	2	0.9823	0.9333	0.7568	0.8358
BioTech	185	0.45	2	0.9807	0.9310	0.7297	0.8182
BioTech	185	0.50	2	0.9743	0.9200	0.6216	0.7419
BioTech	185	0.55	2	0.9759	0.9583	0.6216	0.7541
BioTech	185	0.60	2	0.9695	0.9500	0.5135	0.6667
BioTech	185	0.65	2	0.9679	0.9474	0.4865	0.6429
BioTech	185	0.70	2	0.9647	0.9412	0.4324	0.5926
BioTech	185	0.75	2	0.9663	1.0000	0.4324	0.6038
BioTech	185	0.80	2	0.9631	1.0000	0.3784	0.5490
BioTech	185	0.85	2	0.9615	1.0000	0.3514	0.5200
BioTech	185	0.90	2	0.9567	1.0000	0.2703	0.4255
BioTech	185	0.95	2	0.9486	1.0000	0.1351	0.2381
BioTech	185	1.00	2	0.9406	0.0000	0.0000	0.0000
BioTech	185	0.00	3	0.0594	0.0594	1.0000	0.1121
BioTech	185	0.05	3	0.1958	0.0688	1.0000	0.1287
BioTech	185	0.10	3	0.8026	0.2278	0.9730	0.3692
BioTech	185	0.15	3	0.9358	0.4776	0.8649	0.6154
BioTech	185	0.20	3	0.9663	0.7000	0.7568	0.7273
BioTech	185	0.25	3	0.9711	0.7714	0.7297	0.7500
BioTech	185	0.30	3	0.9727	0.8125	0.7027	0.7536
BioTech	185	0.35	3	0.9743	0.8387	0.7027	0.7647
BioTech	185	0.40	3	0.9663	0.8077	0.5676	0.6667
BioTech	185	0.45	3	0.9615	0.7826	0.4865	0.6000
BioTech	185	0.50	3	0.9599	0.7727	0.4595	0.5763
BioTech	185	0.55	3	0.9551	0.7647	0.3514	0.4815
BioTech	185	0.60	3	0.9535	0.7857	0.2973	0.4314
BioTech	185	0.65	3	0.9518	0.7692	0.2703	0.4000
BioTech	185	0.70	3	0.9551	0.9091	0.2703	0.4167
BioTech	185	0.75	3	0.9551	0.9091	0.2703	0.4167
BioTech	185	0.80	3	0.9535	0.9000	0.2432	0.3830
BioTech	185	0.85	3	0.9502	0.8750	0.1892	0.3111
BioTech	185	0.90	3	0.9470	0.8333	0.1351	0.2326
BioTech	185	0.95	3	0.9454	0.8000	0.1081	0.1905
BioTech	185	1.00	3	0.9406	0.0000	0.0000	0.0000
BioTech	185	0.00	4	0.0595	0.0595	1.0000	0.1123
BioTech	185	0.05	4	0.1640	0.0664	1.0000	0.1246
BioTech	185	0.10	4	0.7074	0.1689	1.0000	0.2891
BioTech	185	0.15	4	0.8939	0.3592	1.0000	0.5286
BioTech	185	0.20	4	0.9373	0.4861	0.9459	0.6422
BioTech	185	0.25	4	0.9534	0.5645	0.9459	0.7071
BioTech	185	0.30	4	0.9678	0.6604	0.9459	0.7778
BioTech	185	0.35	4	0.9711	0.6939	0.9189	0.7907
BioTech	185	0.40	4	0.9743	0.7442	0.8649	0.8000
BioTech	185	0.45	4	0.9775	0.7949	0.8378	0.8158
BioTech	185	0.50	4	0.9791	0.8333	0.8108	0.8219
BioTech	185	0.55	4	0.9791	0.8529	0.7838	0.8169
BioTech	185	0.60	4	0.9775	0.8966	0.7027	0.7879
BioTech	185	0.65	4	0.9791	0.9286	0.7027	0.8000
BioTech	185	0.70	4	0.9775	0.9259	0.6757	0.7813
BioTech	185	0.75	4	0.9727	0.9545	0.5676	0.7119
BioTech	185	0.80	4	0.9662	0.9444	0.4595	0.6182
BioTech	185	0.85	4	0.9614	0.9333	0.3784	0.5385
BioTech	185	0.90	4	0.9598	1.0000	0.3243	0.4898
BioTech	185	0.95	4	0.9550	1.0000	0.2432	0.3913
BioTech	185	1.00	4	0.9405	0.0000	0.0000	0.0000
Smartphones	198	0.00	0	0.0641	0.0641	1.0000	0.1205
Smartphones	198	0.05	0	0.0881	0.0657	1.0000	0.1233
Smartphones	198	0.10	0	0.6362	0.1498	1.0000	0.2606
Smartphones	198	0.15	0	0.8638	0.3171	0.9750	0.4785
Smartphones	198	0.20	0	0.9054	0.3978	0.9250	0.5564
Smartphones	198	0.25	0	0.9279	0.4675	0.9000	0.6154
Smartphones	198	0.30	0	0.9455	0.5469	0.8750	0.6731
Smartphones	198	0.35	0	0.9599	0.6364	0.8750	0.7368
Smartphones	198	0.40	0	0.9631	0.6667	0.8500	0.7473
Smartphones	198	0.45	0	0.9631	0.6809	0.8000	0.7356
Smartphones	198	0.50	0	0.9631	0.6889	0.7750	0.7294
Smartphones	198	0.55	0	0.9647	0.7143	0.7500	0.7317
Smartphones	198	0.60	0	0.9663	0.7317	0.7500	0.7407
Smartphones	198	0.65	0	0.9663	0.7436	0.7250	0.7342
Smartphones	198	0.70	0	0.9631	0.7429	0.6500	0.6933
Smartphones	198	0.75	0	0.9599	0.7586	0.5500	0.6377
Smartphones	198	0.80	0	0.9567	0.7826	0.4500	0.5714
Smartphones	198	0.85	0	0.9519	0.7778	0.3500	0.4828
Smartphones	198	0.90	0	0.9519	0.9167	0.2750	0.4231
Smartphones	198	0.95	0	0.9471	0.8889	0.2000	0.3265
Smartphones	198	1.00	0	0.9359	0.0000	0.0000	0.0000
Smartphones	198	0.00	1	0.0642	0.0642	1.0000	0.1207
Smartphones	198	0.05	1	0.1091	0.0672	1.0000	0.1260
Smartphones	198	0.10	1	0.6067	0.1404	1.0000	0.2462
Smartphones	198	0.15	1	0.8363	0.2721	0.9250	0.4205
Smartphones	198	0.20	1	0.8876	0.3529	0.9000	0.5070
Smartphones	198	0.25	1	0.9085	0.4000	0.8500	0.5440
Smartphones	198	0.30	1	0.9262	0.4559	0.7750	0.5741
Smartphones	198	0.35	1	0.9342	0.4915	0.7250	0.5859
Smartphones	198	0.40	1	0.9422	0.5417	0.6500	0.5909
Smartphones	198	0.45	1	0.9470	0.5778	0.6500	0.6118
Smartphones	198	0.50	1	0.9454	0.5714	0.6000	0.5854
Smartphones	198	0.55	1	0.9422	0.5526	0.5250	0.5385
Smartphones	198	0.60	1	0.9358	0.5000	0.4250	0.4595
Smartphones	198	0.65	1	0.9326	0.4643	0.3250	0.3824
Smartphones	198	0.70	1	0.9326	0.4545	0.2500	0.3226
Smartphones	198	0.75	1	0.9374	0.5294	0.2250	0.3158
Smartphones	198	0.80	1	0.9390	0.5714	0.2000	0.2963
Smartphones	198	0.85	1	0.9374	0.5455	0.1500	0.2353
Smartphones	198	0.90	1	0.9358	0.5000	0.1000	0.1667
Smartphones	198	0.95	1	0.9358	0.5000	0.0500	0.0909
Smartphones	198	1.00	1	0.9358	0.0000	0.0000	0.0000
Smartphones	198	0.00	2	0.0642	0.0642	1.0000	0.1207
Smartphones	198	0.05	2	0.0979	0.0664	1.0000	0.1246
Smartphones	198	0.10	2	0.6501	0.1550	1.0000	0.2685
Smartphones	198	0.15	2	0.8523	0.3030	1.0000	0.4651
Smartphones	198	0.20	2	0.9037	0.3958	0.9500	0.5588
Smartphones	198	0.25	2	0.9246	0.4521	0.8250	0.5841
Smartphones	198	0.30	2	0.9422	0.5357	0.7500	0.6250
Smartphones	198	0.35	2	0.9486	0.5833	0.7000	0.6364
Smartphones	198	0.40	2	0.9535	0.6341	0.6500	0.6420
Smartphones	198	0.45	2	0.9599	0.7027	0.6500	0.6753
Smartphones	198	0.50	2	0.9615	0.7353	0.6250	0.6757
Smartphones	198	0.55	2	0.9679	0.8333	0.6250	0.7143
Smartphones	198	0.60	2	0.9695	0.8621	0.6250	0.7246
Smartphones	198	0.65	2	0.9679	0.9167	0.5500	0.6875
Smartphones	198	0.70	2	0.9663	0.9524	0.5000	0.6557
Smartphones	198	0.75	2	0.9679	1.0000	0.5000	0.6667
Smartphones	198	0.80	2	0.9631	1.0000	0.4250	0.5965
Smartphones	198	0.85	2	0.9599	1.0000	0.3750	0.5455
Smartphones	198	0.90	2	0.9551	1.0000	0.3000	0.4615
Smartphones	198	0.95	2	0.9470	1.0000	0.1750	0.2979
Smartphones	198	1.00	2	0.9358	0.0000	0.0000	0.0000
Smartphones	198	0.00	3	0.0627	0.0627	1.0000	0.1180
Smartphones	198	0.05	3	0.1334	0.0660	0.9744	0.1236
Smartphones	198	0.10	3	0.6190	0.1360	0.9487	0.2379
Smartphones	198	0.15	3	0.8617	0.2991	0.8974	0.4487
Smartphones	198	0.20	3	0.9068	0.3882	0.8462	0.5323
Smartphones	198	0.25	3	0.9341	0.4848	0.8205	0.6095
Smartphones	198	0.30	3	0.9502	0.5714	0.8205	0.6737
Smartphones	198	0.35	3	0.9662	0.7143	0.7692	0.7407
Smartphones	198	0.40	3	0.9695	0.7632	0.7436	0.7532
Smartphones	198	0.45	3	0.9727	0.8235	0.7179	0.7671
Smartphones	198	0.50	3	0.9662	0.8000	0.6154	0.6957
Smartphones	198	0.55	3	0.9695	0.9167	0.5641	0.6984
Smartphones	198	0.60	3	0.9678	0.9130	0.5385	0.6774
Smartphones	198	0.65	3	0.9646	0.9048	0.4872	0.6333
Smartphones	198	0.70	3	0.9598	0.8889	0.4103	0.5614
Smartphones	198	0.75	3	0.9566	0.9286	0.3333	0.4906
Smartphones	198	0.80	3	0.9534	1.0000	0.2564	0.4082
Smartphones	198	0.85	3	0.9502	1.0000	0.2051	0.3404
Smartphones	198	0.90	3	0.9469	1.0000	0.1538	0.2667
Smartphones	198	0.95	3	0.9453	1.0000	0.1282	0.2273
Smartphones	198	1.00	3	0.9373	0.0000	0.0000	0.0000
Smartphones	198	0.00	4	0.0627	0.0627	1.0000	0.1180
Smartphones	198	0.05	4	0.1383	0.0678	1.0000	0.1270
Smartphones	198	0.10	4	0.7524	0.1788	0.8205	0.2936
Smartphones	198	0.15	4	0.9148	0.3871	0.6154	0.4752
Smartphones	198	0.20	4	0.9389	0.5135	0.4872	0.5000
Smartphones	198	0.25	4	0.9469	0.6000	0.4615	0.5217
Smartphones	198	0.30	4	0.9486	0.6522	0.3846	0.4839
Smartphones	198	0.35	4	0.9502	0.7000	0.3590	0.4746
Smartphones	198	0.40	4	0.9486	0.6842	0.3333	0.4483
Smartphones	198	0.45	4	0.9469	0.6667	0.3077	0.4211
Smartphones	198	0.50	4	0.9502	0.7500	0.3077	0.4364
Smartphones	198	0.55	4	0.9469	0.7500	0.2308	0.3529
Smartphones	198	0.60	4	0.9453	0.7778	0.1795	0.2917
Smartphones	198	0.65	4	0.9486	1.0000	0.1795	0.3043
Smartphones	198	0.70	4	0.9469	1.0000	0.1538	0.2667
Smartphones	198	0.75	4	0.9453	1.0000	0.1282	0.2273
Smartphones	198	0.80	4	0.9453	1.0000	0.1282	0.2273
Smartphones	198	0.85	4	0.9453	1.0000	0.1282	0.2273
Smartphones	198	0.90	4	0.9453	1.0000	0.1282	0.2273
Smartphones	198	0.95	4	0.9437	1.0000	0.1026	0.1860
Smartphones	198	1.00	4	0.9373	0.0000	0.0000	0.0000
Internet of Things	102	0.00	0	0.0337	0.0337	1.0000	0.0651
Internet of Things	102	0.05	0	0.5721	0.0729	1.0000	0.1359
Internet of Things	102	0.10	0	0.9615	0.4667	1.0000	0.6364
Internet of Things	102	0.15	0	0.9744	0.5676	1.0000	0.7241
Internet of Things	102	0.20	0	0.9840	0.6897	0.9524	0.8000
Internet of Things	102	0.25	0	0.9888	0.7692	0.9524	0.8511
Internet of Things	102	0.30	0	0.9904	0.8000	0.9524	0.8696
Internet of Things	102	0.35	0	0.9936	0.8696	0.9524	0.9091
Internet of Things	102	0.40	0	0.9952	0.9091	0.9524	0.9302
Internet of Things	102	0.45	0	0.9920	0.9000	0.8571	0.8780
Internet of Things	102	0.50	0	0.9920	0.9000	0.8571	0.8780
Internet of Things	102	0.55	0	0.9920	0.9000	0.8571	0.8780
Internet of Things	102	0.60	0	0.9920	0.9000	0.8571	0.8780
Internet of Things	102	0.65	0	0.9936	0.9474	0.8571	0.9000
Internet of Things	102	0.70	0	0.9904	0.9412	0.7619	0.8421
Internet of Things	102	0.75	0	0.9904	0.9412	0.7619	0.8421
Internet of Things	102	0.80	0	0.9888	0.9375	0.7143	0.8108
Internet of Things	102	0.85	0	0.9888	0.9375	0.7143	0.8108
Internet of Things	102	0.90	0	0.9840	0.9231	0.5714	0.7059
Internet of Things	102	0.95	0	0.9792	0.9000	0.4286	0.5806
Internet of Things	102	1.00	0	0.9663	0.0000	0.0000	0.0000
Internet of Things	102	0.00	1	0.0337	0.0337	1.0000	0.0651
Internet of Things	102	0.05	1	0.7115	0.0964	0.9048	0.1743
Internet of Things	102	0.10	1	0.9151	0.2576	0.8095	0.3908
Internet of Things	102	0.15	1	0.9567	0.4250	0.8095	0.5574
Internet of Things	102	0.20	1	0.9647	0.4857	0.8095	0.6071
Internet of Things	102	0.25	1	0.9728	0.5667	0.8095	0.6667
Internet of Things	102	0.30	1	0.9760	0.6071	0.8095	0.6939
Internet of Things	102	0.35	1	0.9760	0.6071	0.8095	0.6939
Internet of Things	102	0.40	1	0.9792	0.6538	0.8095	0.7234
Internet of Things	102	0.45	1	0.9856	0.7727	0.8095	0.7907
Internet of Things	102	0.50	1	0.9904	0.8947	0.8095	0.8500
Internet of Things	102	0.55	1	0.9904	0.8947	0.8095	0.8500
Internet of Things	102	0.60	1	0.9920	0.9444	0.8095	0.8718
Internet of Things	102	0.65	1	0.9920	0.9444	0.8095	0.8718
Internet of Things	102	0.70	1	0.9904	0.9412	0.7619	0.8421
Internet of Things	102	0.75	1	0.9888	0.9375	0.7143	0.8108
Internet of Things	102	0.80	1	0.9840	0.9231	0.5714	0.7059
Internet of Things	102	0.85	1	0.9808	0.9091	0.4762	0.6250
Internet of Things	102	0.90	1	0.9760	0.8750	0.3333	0.4828
Internet of Things	102	0.95	1	0.9776	1.0000	0.3333	0.5000
Internet of Things	102	1.00	1	0.9663	0.0000	0.0000	0.0000
Internet of Things	102	0.00	2	0.0322	0.0322	1.0000	0.0623
Internet of Things	102	0.05	2	0.6592	0.0789	0.9000	0.1452
Internet of Things	102	0.10	2	0.9614	0.4474	0.8500	0.5862
Internet of Things	102	0.15	2	0.9743	0.5667	0.8500	0.6800
Internet of Things	102	0.20	2	0.9807	0.6538	0.8500	0.7391
Internet of Things	102	0.25	2	0.9871	0.8000	0.8000	0.8000
Internet of Things	102	0.30	2	0.9887	0.8421	0.8000	0.8205
Internet of Things	102	0.35	2	0.9904	0.8889	0.8000	0.8421
Internet of Things	102	0.40	2	0.9904	0.8889	0.8000	0.8421
Internet of Things	102	0.45	2	0.9920	0.9412	0.8000	0.8649
Internet of Things	102	0.50	2	0.9920	0.9412	0.8000	0.8649
Internet of Things	102	0.55	2	0.9920	0.9412	0.8000	0.8649
Internet of Things	102	0.60	2	0.9920	0.9412	0.8000	0.8649
Internet of Things	102	0.65	2	0.9920	0.9412	0.8000	0.8649
Internet of Things	102	0.70	2	0.9887	0.9333	0.7000	0.8000
Internet of Things	102	0.75	2	0.9871	0.9286	0.6500	0.7647
Internet of Things	102	0.80	2	0.9839	0.9167	0.5500	0.6875
Internet of Things	102	0.85	2	0.9823	0.9091	0.5000	0.6452
Internet of Things	102	0.90	2	0.9791	0.8889	0.4000	0.5517
Internet of Things	102	0.95	2	0.9743	0.8333	0.2500	0.3846
Internet of Things	102	1.00	2	0.9678	0.0000	0.0000	0.0000
Internet of Things	102	0.00	3	0.0322	0.0322	1.0000	0.0623
Internet of Things	102	0.05	3	0.5868	0.0722	1.0000	0.1347
Internet of Things	102	0.10	3	0.9389	0.3448	1.0000	0.5128
Internet of Things	102	0.15	3	0.9662	0.4878	1.0000	0.6557
Internet of Things	102	0.20	3	0.9727	0.5405	1.0000	0.7018
Internet of Things	102	0.25	3	0.9807	0.6250	1.0000	0.7692
Internet of Things	102	0.30	3	0.9871	0.7143	1.0000	0.8333
Internet of Things	102	0.35	3	0.9871	0.7143	1.0000	0.8333
Internet of Things	102	0.40	3	0.9871	0.7308	0.9500	0.8261
Internet of Things	102	0.45	3	0.9920	0.8261	0.9500	0.8837
Internet of Things	102	0.50	3	0.9920	0.8571	0.9000	0.8780
Internet of Things	102	0.55	3	0.9920	0.8571	0.9000	0.8780
Internet of Things	102	0.60	3	0.9920	0.8947	0.8500	0.8718
Internet of Things	102	0.65	3	0.9920	0.9412	0.8000	0.8649
Internet of Things	102	0.70	3	0.9920	0.9412	0.8000	0.8649
Internet of Things	102	0.75	3	0.9904	0.9375	0.7500	0.8333
Internet of Things	102	0.80	3	0.9904	1.0000	0.7000	0.8235
Internet of Things	102	0.85	3	0.9871	1.0000	0.6000	0.7500
Internet of Things	102	0.90	3	0.9823	1.0000	0.4500	0.6207
Internet of Things	102	0.95	3	0.9759	1.0000	0.2500	0.4000
Internet of Things	102	1.00	3	0.9678	0.0000	0.0000	0.0000
Internet of Things	102	0.00	4	0.0322	0.0322	1.0000	0.0623
Internet of Things	102	0.05	4	0.8682	0.1771	0.8500	0.2931
Internet of Things	102	0.10	4	0.9775	0.6154	0.8000	0.6957
Internet of Things	102	0.15	4	0.9823	0.7143	0.7500	0.7317
Internet of Things	102	0.20	4	0.9855	0.8235	0.7000	0.7568
Internet of Things	102	0.25	4	0.9855	0.8235	0.7000	0.7568
Internet of Things	102	0.30	4	0.9855	0.8235	0.7000	0.7568
Internet of Things	102	0.35	4	0.9839	0.8125	0.6500	0.7222
Internet of Things	102	0.40	4	0.9839	0.8125	0.6500	0.7222
Internet of Things	102	0.45	4	0.9839	0.8125	0.6500	0.7222
Internet of Things	102	0.50	4	0.9839	0.8125	0.6500	0.7222
Internet of Things	102	0.55	4	0.9855	0.8667	0.6500	0.7429
Internet of Things	102	0.60	4	0.9823	0.8462	0.5500	0.6667
Internet of Things	102	0.65	4	0.9839	0.9167	0.5500	0.6875
Internet of Things	102	0.70	4	0.9823	0.9091	0.5000	0.6452
Internet of Things	102	0.75	4	0.9775	0.8750	0.3500	0.5000
Internet of Things	102	0.80	4	0.9775	0.8750	0.3500	0.5000
Internet of Things	102	0.85	4	0.9759	0.8571	0.3000	0.4444
Internet of Things	102	0.90	4	0.9743	0.8333	0.2500	0.3846
Internet of Things	102	0.95	4	0.9727	1.0000	0.1500	0.2609
Internet of Things	102	1.00	4	0.9678	0.0000	0.0000	0.0000
Social Networks	464	0.00	0	0.1493	0.1493	1.0000	0.2598
Social Networks	464	0.05	0	0.1958	0.1566	1.0000	0.2707
Social Networks	464	0.10	0	0.4639	0.2165	0.9892	0.3552
Social Networks	464	0.15	0	0.7223	0.3462	0.9677	0.5099
Social Networks	464	0.20	0	0.9021	0.6176	0.9032	0.7336
Social Networks	464	0.25	0	0.9438	0.7788	0.8710	0.8223
Social Networks	464	0.30	0	0.9615	0.8791	0.8602	0.8696
Social Networks	464	0.35	0	0.9647	0.9176	0.8387	0.8764
Social Networks	464	0.40	0	0.9615	0.9157	0.8172	0.8636
Social Networks	464	0.45	0	0.9567	0.9125	0.7849	0.8439
Social Networks	464	0.50	0	0.9486	0.9067	0.7312	0.8095
Social Networks	464	0.55	0	0.9390	0.9104	0.6559	0.7625
Social Networks	464	0.60	0	0.9358	0.9344	0.6129	0.7403
Social Networks	464	0.65	0	0.9278	0.9444	0.5484	0.6939
Social Networks	464	0.70	0	0.9230	0.9787	0.4946	0.6571
Social Networks	464	0.75	0	0.9149	0.9762	0.4409	0.6074
Social Networks	464	0.80	0	0.9037	0.9714	0.3656	0.5312
Social Networks	464	0.85	0	0.8941	1.0000	0.2903	0.4500
Social Networks	464	0.90	0	0.8796	1.0000	0.1935	0.3243
Social Networks	464	0.95	0	0.8604	1.0000	0.0645	0.1212
Social Networks	464	1.00	0	0.8507	0.0000	0.0000	0.0000
Social Networks	464	0.00	1	0.1493	0.1493	1.0000	0.2598
Social Networks	464	0.05	1	0.2231	0.1612	1.0000	0.2776
Social Networks	464	0.10	1	0.5040	0.2313	1.0000	0.3758
Social Networks	464	0.15	1	0.7448	0.3690	1.0000	0.5391
Social Networks	464	0.20	1	0.9069	0.6159	1.0000	0.7623
Social Networks	464	0.25	1	0.9615	0.7949	1.0000	0.8857
Social Networks	464	0.30	1	0.9679	0.8230	1.0000	0.9029
Social Networks	464	0.35	1	0.9663	0.8333	0.9677	0.8955
Social Networks	464	0.40	1	0.9679	0.8687	0.9247	0.8958
Social Networks	464	0.45	1	0.9679	0.8925	0.8925	0.8925
Social Networks	464	0.50	1	0.9631	0.9070	0.8387	0.8715
Social Networks	464	0.55	1	0.9551	0.9221	0.7634	0.8353
Social Networks	464	0.60	1	0.9551	0.9577	0.7312	0.8293
Social Networks	464	0.65	1	0.9454	0.9683	0.6559	0.7821
Social Networks	464	0.70	1	0.9294	0.9804	0.5376	0.6944
Social Networks	464	0.75	1	0.9213	1.0000	0.4731	0.6423
Social Networks	464	0.80	1	0.9117	1.0000	0.4086	0.5802
Social Networks	464	0.85	1	0.9053	1.0000	0.3656	0.5354
Social Networks	464	0.90	1	0.8909	1.0000	0.2688	0.4237
Social Networks	464	0.95	1	0.8716	1.0000	0.1398	0.2453
Social Networks	464	1.00	1	0.8507	0.0000	0.0000	0.0000
Social Networks	464	0.00	2	0.1493	0.1493	1.0000	0.2598
Social Networks	464	0.05	2	0.2071	0.1584	1.0000	0.2735
Social Networks	464	0.10	2	0.4157	0.2035	1.0000	0.3382
Social Networks	464	0.15	2	0.6565	0.3016	0.9892	0.4623
Social Networks	464	0.20	2	0.8780	0.5509	0.9892	0.7077
Social Networks	464	0.25	2	0.9374	0.7177	0.9570	0.8203
Social Networks	464	0.30	2	0.9502	0.7870	0.9140	0.8458
Social Networks	464	0.35	2	0.9615	0.8416	0.9140	0.8763
Social Networks	464	0.40	2	0.9631	0.8889	0.8602	0.8743
Social Networks	464	0.45	2	0.9631	0.9268	0.8172	0.8686
Social Networks	464	0.50	2	0.9615	0.9367	0.7957	0.8605
Social Networks	464	0.55	2	0.9567	0.9459	0.7527	0.8383
Social Networks	464	0.60	2	0.9535	0.9706	0.7097	0.8199
Social Networks	464	0.65	2	0.9422	0.9831	0.6237	0.7632
Social Networks	464	0.70	2	0.9262	0.9796	0.5161	0.6761
Social Networks	464	0.75	2	0.9213	1.0000	0.4731	0.6423
Social Networks	464	0.80	2	0.9149	1.0000	0.4301	0.6015
Social Networks	464	0.85	2	0.9069	1.0000	0.3763	0.5469
Social Networks	464	0.90	2	0.8957	1.0000	0.3011	0.4628
Social Networks	464	0.95	2	0.8700	1.0000	0.1290	0.2286
Social Networks	464	1.00	2	0.8507	0.0000	0.0000	0.0000
Social Networks	464	0.00	3	0.1493	0.1493	1.0000	0.2598
Social Networks	464	0.05	3	0.2263	0.1617	1.0000	0.2784
Social Networks	464	0.10	3	0.4462	0.2123	1.0000	0.3503
Social Networks	464	0.15	3	0.6998	0.3309	0.9892	0.4960
Social Networks	464	0.20	3	0.8684	0.5322	0.9785	0.6894
Social Networks	464	0.25	3	0.9326	0.7040	0.9462	0.8073
Social Networks	464	0.30	3	0.9422	0.7615	0.8925	0.8218
Social Networks	464	0.35	3	0.9551	0.8351	0.8710	0.8526
Social Networks	464	0.40	3	0.9599	0.8953	0.8280	0.8603
Social Networks	464	0.45	3	0.9599	0.9146	0.8065	0.8571
Social Networks	464	0.50	3	0.9615	0.9367	0.7957	0.8605
Social Networks	464	0.55	3	0.9551	0.9333	0.7527	0.8333
Social Networks	464	0.60	3	0.9502	0.9559	0.6989	0.8075
Social Networks	464	0.65	3	0.9454	0.9538	0.6667	0.7848
Social Networks	464	0.70	3	0.9374	0.9500	0.6129	0.7451
Social Networks	464	0.75	3	0.9294	0.9455	0.5591	0.7027
Social Networks	464	0.80	3	0.9181	0.9565	0.4731	0.6331
Social Networks	464	0.85	3	0.9053	0.9722	0.3763	0.5426
Social Networks	464	0.90	3	0.8828	0.9545	0.2258	0.3652
Social Networks	464	0.95	3	0.8587	0.8571	0.0645	0.1200
Social Networks	464	1.00	3	0.8507	0.0000	0.0000	0.0000
Social Networks	464	0.00	4	0.1479	0.1479	1.0000	0.2577
Social Networks	464	0.05	4	0.1961	0.1554	1.0000	0.2690
Social Networks	464	0.10	4	0.4277	0.2054	1.0000	0.3407
Social Networks	464	0.15	4	0.6849	0.3194	1.0000	0.4842
Social Networks	464	0.20	4	0.8778	0.5482	0.9891	0.7054
Social Networks	464	0.25	4	0.9373	0.7154	0.9565	0.8186
Social Networks	464	0.30	4	0.9405	0.7434	0.9130	0.8195
Social Networks	464	0.35	4	0.9453	0.7685	0.9022	0.8300
Social Networks	464	0.40	4	0.9486	0.8061	0.8587	0.8316
Social Networks	464	0.45	4	0.9469	0.8041	0.8478	0.8254
Social Networks	464	0.50	4	0.9437	0.8132	0.8043	0.8087
Social Networks	464	0.55	4	0.9437	0.8353	0.7717	0.8023
Social Networks	464	0.60	4	0.9453	0.8537	0.7609	0.8046
Social Networks	464	0.65	4	0.9421	0.8784	0.7065	0.7831
Social Networks	464	0.70	4	0.9373	0.8955	0.6522	0.7547
Social Networks	464	0.75	4	0.9293	0.9000	0.5870	0.7105
Social Networks	464	0.80	4	0.9196	0.9200	0.5000	0.6479
Social Networks	464	0.85	4	0.9164	0.9545	0.4565	0.6176
Social Networks	464	0.90	4	0.8939	0.9643	0.2935	0.4500
Social Networks	464	0.95	4	0.8794	0.9474	0.1957	0.3243
Social Networks	464	1.00	4	0.8521	0.0000	0.0000	0.0000
Battery	63	0.00	0	0.0208	0.0208	1.0000	0.0408
Battery	63	0.05	0	0.9071	0.1831	1.0000	0.3095
Battery	63	0.10	0	0.9776	0.4815	1.0000	0.6500
Battery	63	0.15	0	0.9792	0.5000	0.8462	0.6286
Battery	63	0.20	0	0.9824	0.5500	0.8462	0.6667
Battery	63	0.25	0	0.9840	0.5789	0.8462	0.6875
Battery	63	0.30	0	0.9824	0.5556	0.7692	0.6452
Battery	63	0.35	0	0.9824	0.5556	0.7692	0.6452
Battery	63	0.40	0	0.9824	0.5556	0.7692	0.6452
Battery	63	0.45	0	0.9824	0.5556	0.7692	0.6452
Battery	63	0.50	0	0.9872	0.6667	0.7692	0.7143
Battery	63	0.55	0	0.9872	0.6667	0.7692	0.7143
Battery	63	0.60	0	0.9840	0.6154	0.6154	0.6154
Battery	63	0.65	0	0.9856	0.6667	0.6154	0.6400
Battery	63	0.70	0	0.9840	0.6364	0.5385	0.5833
Battery	63	0.75	0	0.9840	0.6667	0.4615	0.5455
Battery	63	0.80	0	0.9824	0.6250	0.3846	0.4762
Battery	63	0.85	0	0.9808	0.6000	0.2308	0.3333
Battery	63	0.90	0	0.9792	0.5000	0.1538	0.2353
Battery	63	0.95	0	0.9776	0.0000	0.0000	0.0000
Battery	63	1.00	0	0.9792	0.0000	0.0000	0.0000
Battery	63	0.00	1	0.0209	0.0209	1.0000	0.0409
Battery	63	0.05	1	0.8892	0.1585	1.0000	0.2737
Battery	63	0.10	1	0.9791	0.5000	1.0000	0.6667
Battery	63	0.15	1	0.9872	0.6190	1.0000	0.7647
Battery	63	0.20	1	0.9872	0.6190	1.0000	0.7647
Battery	63	0.25	1	0.9872	0.6190	1.0000	0.7647
Battery	63	0.30	1	0.9904	0.6842	1.0000	0.8125
Battery	63	0.35	1	0.9920	0.7500	0.9231	0.8276
Battery	63	0.40	1	0.9936	0.8000	0.9231	0.8571
Battery	63	0.45	1	0.9936	0.8000	0.9231	0.8571
Battery	63	0.50	1	0.9920	0.7857	0.8462	0.8148
Battery	63	0.55	1	0.9904	0.8182	0.6923	0.7500
Battery	63	0.60	1	0.9888	0.8750	0.5385	0.6667
Battery	63	0.65	1	0.9904	1.0000	0.5385	0.7000
Battery	63	0.70	1	0.9888	1.0000	0.4615	0.6316
Battery	63	0.75	1	0.9872	1.0000	0.3846	0.5556
Battery	63	0.80	1	0.9823	1.0000	0.1538	0.2667
Battery	63	0.85	1	0.9791	0.0000	0.0000	0.0000
Battery	63	0.90	1	0.9791	0.0000	0.0000	0.0000
Battery	63	0.95	1	0.9791	0.0000	0.0000	0.0000
Battery	63	1.00	1	0.9791	0.0000	0.0000	0.0000
Battery	63	0.00	2	0.0209	0.0209	1.0000	0.0409
Battery	63	0.05	2	0.9326	0.2264	0.9231	0.3636
Battery	63	0.10	2	0.9856	0.6250	0.7692	0.6897
Battery	63	0.15	2	0.9888	0.7143	0.7692	0.7407
Battery	63	0.20	2	0.9920	0.8333	0.7692	0.8000
Battery	63	0.25	2	0.9920	0.8333	0.7692	0.8000
Battery	63	0.30	2	0.9936	0.9091	0.7692	0.8333
Battery	63	0.35	2	0.9920	0.9000	0.6923	0.7826
Battery	63	0.40	2	0.9920	0.9000	0.6923	0.7826
Battery	63	0.45	2	0.9920	0.9000	0.6923	0.7826
Battery	63	0.50	2	0.9904	0.8889	0.6154	0.7273
Battery	63	0.55	2	0.9904	0.8889	0.6154	0.7273
Battery	63	0.60	2	0.9904	0.8889	0.6154	0.7273
Battery	63	0.65	2	0.9904	0.8889	0.6154	0.7273
Battery	63	0.70	2	0.9888	0.8750	0.5385	0.6667
Battery	63	0.75	2	0.9888	0.8750	0.5385	0.6667
Battery	63	0.80	2	0.9856	0.8333	0.3846	0.5263
Battery	63	0.85	2	0.9839	0.8000	0.3077	0.4444
Battery	63	0.90	2	0.9856	1.0000	0.3077	0.4706
Battery	63	0.95	2	0.9807	1.0000	0.0769	0.1429
Battery	63	1.00	2	0.9791	0.0000	0.0000	0.0000
Battery	63	0.00	3	0.0193	0.0193	1.0000	0.0379
Battery	63	0.05	3	0.9341	0.2264	1.0000	0.3692
Battery	63	0.10	3	0.9839	0.5500	0.9167	0.6875
Battery	63	0.15	3	0.9855	0.5789	0.9167	0.7097
Battery	63	0.20	3	0.9855	0.5882	0.8333	0.6897
Battery	63	0.25	3	0.9871	0.6250	0.8333	0.7143
Battery	63	0.30	3	0.9871	0.6250	0.8333	0.7143
Battery	63	0.35	3	0.9887	0.6667	0.8333	0.7407
Battery	63	0.40	3	0.9887	0.6667	0.8333	0.7407
Battery	63	0.45	3	0.9871	0.6429	0.7500	0.6923
Battery	63	0.50	3	0.9855	0.6154	0.6667	0.6400
Battery	63	0.55	3	0.9855	0.6364	0.5833	0.6087
Battery	63	0.60	3	0.9871	0.7000	0.5833	0.6364
Battery	63	0.65	3	0.9871	0.7500	0.5000	0.6000
Battery	63	0.70	3	0.9855	0.7143	0.4167	0.5263
Battery	63	0.75	3	0.9855	0.7143	0.4167	0.5263
Battery	63	0.80	3	0.9871	0.8333	0.4167	0.5556
Battery	63	0.85	3	0.9871	0.8333	0.4167	0.5556
Battery	63	0.90	3	0.9855	0.8000	0.3333	0.4706
Battery	63	0.95	3	0.9839	1.0000	0.1667	0.2857
Battery	63	1.00	3	0.9807	0.0000	0.0000	0.0000
Battery	63	0.00	4	0.0193	0.0193	1.0000	0.0379
Battery	63	0.05	4	0.8891	0.1481	1.0000	0.2581
Battery	63	0.10	4	0.9887	0.6316	1.0000	0.7742
Battery	63	0.15	4	0.9936	0.7500	1.0000	0.8571
Battery	63	0.20	4	0.9936	0.7500	1.0000	0.8571
Battery	63	0.25	4	0.9920	0.7333	0.9167	0.8148
Battery	63	0.30	4	0.9920	0.7333	0.9167	0.8148
Battery	63	0.35	4	0.9920	0.7333	0.9167	0.8148
Battery	63	0.40	4	0.9920	0.7333	0.9167	0.8148
Battery	63	0.45	4	0.9904	0.7143	0.8333	0.7692
Battery	63	0.50	4	0.9887	0.6923	0.7500	0.7200
Battery	63	0.55	4	0.9871	0.6667	0.6667	0.6667
Battery	63	0.60	4	0.9871	0.7000	0.5833	0.6364
Battery	63	0.65	4	0.9855	0.6667	0.5000	0.5714
Battery	63	0.70	4	0.9839	0.6250	0.4167	0.5000
Battery	63	0.75	4	0.9855	0.7143	0.4167	0.5263
Battery	63	0.80	4	0.9855	0.8000	0.3333	0.4706
Battery	63	0.85	4	0.9855	0.8000	0.3333	0.4706
Battery	63	0.90	4	0.9839	0.7500	0.2500	0.3750
Battery	63	0.95	4	0.9839	1.0000	0.1667	0.2857
Battery	63	1.00	4	0.9807	0.0000	0.0000	0.0000
Driverless Cars	134	0.00	0	0.0433	0.0433	1.0000	0.0831
Driverless Cars	134	0.05	0	0.7319	0.1392	1.0000	0.2443
Driverless Cars	134	0.10	0	0.9856	0.7500	1.0000	0.8571
Driverless Cars	134	0.15	0	0.9888	0.7941	1.0000	0.8852
Driverless Cars	134	0.20	0	0.9904	0.8387	0.9630	0.8966
Driverless Cars	134	0.25	0	0.9920	0.8667	0.9630	0.9123
Driverless Cars	134	0.30	0	0.9904	0.8621	0.9259	0.8929
Driverless Cars	134	0.35	0	0.9936	0.9259	0.9259	0.9259
Driverless Cars	134	0.40	0	0.9936	0.9259	0.9259	0.9259
Driverless Cars	134	0.45	0	0.9936	0.9600	0.8889	0.9231
Driverless Cars	134	0.50	0	0.9936	0.9600	0.8889	0.9231
Driverless Cars	134	0.55	0	0.9920	0.9583	0.8519	0.9020
Driverless Cars	134	0.60	0	0.9936	1.0000	0.8519	0.9200
Driverless Cars	134	0.65	0	0.9936	1.0000	0.8519	0.9200
Driverless Cars	134	0.70	0	0.9920	1.0000	0.8148	0.8980
Driverless Cars	134	0.75	0	0.9920	1.0000	0.8148	0.8980
Driverless Cars	134	0.80	0	0.9888	1.0000	0.7407	0.8511
Driverless Cars	134	0.85	0	0.9872	1.0000	0.7037	0.8261
Driverless Cars	134	0.90	0	0.9823	1.0000	0.5926	0.7442
Driverless Cars	134	0.95	0	0.9775	1.0000	0.4815	0.6500
Driverless Cars	134	1.00	0	0.9567	0.0000	0.0000	0.0000
Driverless Cars	134	0.00	1	0.0433	0.0433	1.0000	0.0831
Driverless Cars	134	0.05	1	0.7079	0.1292	1.0000	0.2288
Driverless Cars	134	0.10	1	0.9807	0.6923	1.0000	0.8182
Driverless Cars	134	0.15	1	0.9888	0.7941	1.0000	0.8852
Driverless Cars	134	0.20	1	0.9888	0.7941	1.0000	0.8852
Driverless Cars	134	0.25	1	0.9904	0.8182	1.0000	0.9000
Driverless Cars	134	0.30	1	0.9920	0.8438	1.0000	0.9153
Driverless Cars	134	0.35	1	0.9936	0.8710	1.0000	0.9310
Driverless Cars	134	0.40	1	0.9952	0.9000	1.0000	0.9474
Driverless Cars	134	0.45	1	0.9952	0.9000	1.0000	0.9474
Driverless Cars	134	0.50	1	0.9952	0.9000	1.0000	0.9474
Driverless Cars	134	0.55	1	0.9968	0.9310	1.0000	0.9643
Driverless Cars	134	0.60	1	0.9952	0.9286	0.9630	0.9455
Driverless Cars	134	0.65	1	0.9952	0.9286	0.9630	0.9455
Driverless Cars	134	0.70	1	0.9936	0.9259	0.9259	0.9259
Driverless Cars	134	0.75	1	0.9904	0.9200	0.8519	0.8846
Driverless Cars	134	0.80	1	0.9888	0.9167	0.8148	0.8627
Driverless Cars	134	0.85	1	0.9807	0.8947	0.6296	0.7391
Driverless Cars	134	0.90	1	0.9775	0.9333	0.5185	0.6667
Driverless Cars	134	0.95	1	0.9695	0.9000	0.3333	0.4865
Driverless Cars	134	1.00	1	0.9567	0.0000	0.0000	0.0000
Driverless Cars	134	0.00	2	0.0433	0.0433	1.0000	0.0831
Driverless Cars	134	0.05	2	0.8636	0.2411	1.0000	0.3885
Driverless Cars	134	0.10	2	0.9839	0.7297	1.0000	0.8437
Driverless Cars	134	0.15	2	0.9904	0.8387	0.9630	0.8966
Driverless Cars	134	0.20	2	0.9904	0.8621	0.9259	0.8929
Driverless Cars	134	0.25	2	0.9904	0.8621	0.9259	0.8929
Driverless Cars	134	0.30	2	0.9904	0.8889	0.8889	0.8889
Driverless Cars	134	0.35	2	0.9920	0.9231	0.8889	0.9057
Driverless Cars	134	0.40	2	0.9904	0.9200	0.8519	0.8846
Driverless Cars	134	0.45	2	0.9888	0.9167	0.8148	0.8627
Driverless Cars	134	0.50	2	0.9856	0.9091	0.7407	0.8163
Driverless Cars	134	0.55	2	0.9823	0.9000	0.6667	0.7660
Driverless Cars	134	0.60	2	0.9823	0.9000	0.6667	0.7660
Driverless Cars	134	0.65	2	0.9791	0.8889	0.5926	0.7111
Driverless Cars	134	0.70	2	0.9743	0.8667	0.4815	0.6190
Driverless Cars	134	0.75	2	0.9759	0.9286	0.4815	0.6341
Driverless Cars	134	0.80	2	0.9727	0.9167	0.4074	0.5641
Driverless Cars	134	0.85	2	0.9647	0.8571	0.2222	0.3529
Driverless Cars	134	0.90	2	0.9615	0.8000	0.1481	0.2500
Driverless Cars	134	0.95	2	0.9583	0.6667	0.0741	0.1333
Driverless Cars	134	1.00	2	0.9567	0.0000	0.0000	0.0000
Driverless Cars	134	0.00	3	0.0433	0.0433	1.0000	0.0831
Driverless Cars	134	0.05	3	0.8058	0.1824	1.0000	0.3086
Driverless Cars	134	0.10	3	0.9888	0.8125	0.9630	0.8814
Driverless Cars	134	0.15	3	0.9952	0.9286	0.9630	0.9455
Driverless Cars	134	0.20	3	0.9952	0.9286	0.9630	0.9455
Driverless Cars	134	0.25	3	0.9952	0.9286	0.9630	0.9455
Driverless Cars	134	0.30	3	0.9936	0.9259	0.9259	0.9259
Driverless Cars	134	0.35	3	0.9936	0.9259	0.9259	0.9259
Driverless Cars	134	0.40	3	0.9936	0.9259	0.9259	0.9259
Driverless Cars	134	0.45	3	0.9936	0.9259	0.9259	0.9259
Driverless Cars	134	0.50	3	0.9936	0.9600	0.8889	0.9231
Driverless Cars	134	0.55	3	0.9920	0.9583	0.8519	0.9020
Driverless Cars	134	0.60	3	0.9920	0.9583	0.8519	0.9020
Driverless Cars	134	0.65	3	0.9888	0.9545	0.7778	0.8571
Driverless Cars	134	0.70	3	0.9872	1.0000	0.7037	0.8261
Driverless Cars	134	0.75	3	0.9872	1.0000	0.7037	0.8261
Driverless Cars	134	0.80	3	0.9856	1.0000	0.6667	0.8000
Driverless Cars	134	0.85	3	0.9839	1.0000	0.6296	0.7727
Driverless Cars	134	0.90	3	0.9823	1.0000	0.5926	0.7442
Driverless Cars	134	0.95	3	0.9759	1.0000	0.4444	0.6154
Driverless Cars	134	1.00	3	0.9567	0.0000	0.0000	0.0000
Driverless Cars	134	0.00	4	0.0418	0.0418	1.0000	0.0802
Driverless Cars	134	0.05	4	0.7058	0.1244	1.0000	0.2213
Driverless Cars	134	0.10	4	0.9823	0.7027	1.0000	0.8254
Driverless Cars	134	0.15	4	0.9904	0.8125	1.0000	0.8966
Driverless Cars	134	0.20	4	0.9920	0.8387	1.0000	0.9123
Driverless Cars	134	0.25	4	0.9984	0.9630	1.0000	0.9811
Driverless Cars	134	0.30	4	0.9984	0.9630	1.0000	0.9811
Driverless Cars	134	0.35	4	0.9968	0.9615	0.9615	0.9615
Driverless Cars	134	0.40	4	0.9984	1.0000	0.9615	0.9804
Driverless Cars	134	0.45	4	0.9984	1.0000	0.9615	0.9804
Driverless Cars	134	0.50	4	0.9984	1.0000	0.9615	0.9804
Driverless Cars	134	0.55	4	0.9984	1.0000	0.9615	0.9804
Driverless Cars	134	0.60	4	0.9968	1.0000	0.9231	0.9600
Driverless Cars	134	0.65	4	0.9968	1.0000	0.9231	0.9600
Driverless Cars	134	0.70	4	0.9936	1.0000	0.8462	0.9167
Driverless Cars	134	0.75	4	0.9904	1.0000	0.7692	0.8696
Driverless Cars	134	0.80	4	0.9887	1.0000	0.7308	0.8444
Driverless Cars	134	0.85	4	0.9823	1.0000	0.5769	0.7317
Driverless Cars	134	0.90	4	0.9791	1.0000	0.5000	0.6667
Driverless Cars	134	0.95	4	0.9646	1.0000	0.1538	0.2667
Driverless Cars	134	1.00	4	0.9582	0.0000	0.0000	0.0000
Wearable Tech	219	0.00	0	0.0706	0.0706	1.0000	0.1319
Wearable Tech	219	0.05	0	0.1236	0.0746	1.0000	0.1388
Wearable Tech	219	0.10	0	0.7400	0.2050	0.9318	0.3361
Wearable Tech	219	0.15	0	0.9085	0.4316	0.9318	0.5899
Wearable Tech	219	0.20	0	0.9438	0.5634	0.9091	0.6957
Wearable Tech	219	0.25	0	0.9647	0.6897	0.9091	0.7843
Wearable Tech	219	0.30	0	0.9743	0.7800	0.8864	0.8298
Wearable Tech	219	0.35	0	0.9759	0.8222	0.8409	0.8315
Wearable Tech	219	0.40	0	0.9759	0.8537	0.7955	0.8235
Wearable Tech	219	0.45	0	0.9759	0.8718	0.7727	0.8193
Wearable Tech	219	0.50	0	0.9759	0.8919	0.7500	0.8148
Wearable Tech	219	0.55	0	0.9727	0.8857	0.7045	0.7848
Wearable Tech	219	0.60	0	0.9727	0.9091	0.6818	0.7792
Wearable Tech	219	0.65	0	0.9711	0.9333	0.6364	0.7568
Wearable Tech	219	0.70	0	0.9695	0.9310	0.6136	0.7397
Wearable Tech	219	0.75	0	0.9679	0.9615	0.5682	0.7143
Wearable Tech	219	0.80	0	0.9567	0.9474	0.4091	0.5714
Wearable Tech	219	0.85	0	0.9486	0.9286	0.2955	0.4483
Wearable Tech	219	0.90	0	0.9454	0.9167	0.2500	0.3929
Wearable Tech	219	0.95	0	0.9422	1.0000	0.1818	0.3077
Wearable Tech	219	1.00	0	0.9294	0.0000	0.0000	0.0000
Wearable Tech	219	0.00	1	0.0706	0.0706	1.0000	0.1319
Wearable Tech	219	0.05	1	0.1140	0.0738	1.0000	0.1375
Wearable Tech	219	0.10	1	0.7319	0.2085	1.0000	0.3451
Wearable Tech	219	0.15	1	0.9021	0.4175	0.9773	0.5850
Wearable Tech	219	0.20	1	0.9262	0.4886	0.9773	0.6515
Wearable Tech	219	0.25	1	0.9390	0.5375	0.9773	0.6935
Wearable Tech	219	0.30	1	0.9535	0.6087	0.9545	0.7434
Wearable Tech	219	0.35	1	0.9647	0.6833	0.9318	0.7885
Wearable Tech	219	0.40	1	0.9663	0.6949	0.9318	0.7961
Wearable Tech	219	0.45	1	0.9743	0.7800	0.8864	0.8298
Wearable Tech	219	0.50	1	0.9743	0.8182	0.8182	0.8182
Wearable Tech	219	0.55	1	0.9775	0.8750	0.7955	0.8333
Wearable Tech	219	0.60	1	0.9775	0.9167	0.7500	0.8250
Wearable Tech	219	0.65	1	0.9743	0.9667	0.6591	0.7838
Wearable Tech	219	0.70	1	0.9711	1.0000	0.5909	0.7429
Wearable Tech	219	0.75	1	0.9663	1.0000	0.5227	0.6866
Wearable Tech	219	0.80	1	0.9615	1.0000	0.4545	0.6250
Wearable Tech	219	0.85	1	0.9583	1.0000	0.4091	0.5806
Wearable Tech	219	0.90	1	0.9518	1.0000	0.3182	0.4828
Wearable Tech	219	0.95	1	0.9390	1.0000	0.1364	0.2400
Wearable Tech	219	1.00	1	0.9294	0.0000	0.0000	0.0000
Wearable Tech	219	0.00	2	0.0706	0.0706	1.0000	0.1319
Wearable Tech	219	0.05	2	0.1525	0.0769	1.0000	0.1429
Wearable Tech	219	0.10	2	0.7753	0.2363	0.9773	0.3805
Wearable Tech	219	0.15	2	0.8973	0.4057	0.9773	0.5733
Wearable Tech	219	0.20	2	0.9262	0.4878	0.9091	0.6349
Wearable Tech	219	0.25	2	0.9406	0.5493	0.8864	0.6783
Wearable Tech	219	0.30	2	0.9454	0.5781	0.8409	0.6852
Wearable Tech	219	0.35	2	0.9551	0.6379	0.8409	0.7255
Wearable Tech	219	0.40	2	0.9631	0.7059	0.8182	0.7579
Wearable Tech	219	0.45	2	0.9583	0.6957	0.7273	0.7111
Wearable Tech	219	0.50	2	0.9631	0.7692	0.6818	0.7229
Wearable Tech	219	0.55	2	0.9647	0.8235	0.6364	0.7179
Wearable Tech	219	0.60	2	0.9647	0.8667	0.5909	0.7027
Wearable Tech	219	0.65	2	0.9647	0.8929	0.5682	0.6944
Wearable Tech	219	0.70	2	0.9663	0.9600	0.5455	0.6957
Wearable Tech	219	0.75	2	0.9647	0.9583	0.5227	0.6765
Wearable Tech	219	0.80	2	0.9567	0.9474	0.4091	0.5714
Wearable Tech	219	0.85	2	0.9551	1.0000	0.3636	0.5333
Wearable Tech	219	0.90	2	0.9454	1.0000	0.2273	0.3704
Wearable Tech	219	0.95	2	0.9342	1.0000	0.0682	0.1277
Wearable Tech	219	1.00	2	0.9294	0.0000	0.0000	0.0000
Wearable Tech	219	0.00	3	0.0706	0.0706	1.0000	0.1319
Wearable Tech	219	0.05	3	0.1605	0.0776	1.0000	0.1440
Wearable Tech	219	0.10	3	0.8250	0.2759	0.9091	0.4233
Wearable Tech	219	0.15	3	0.9246	0.4805	0.8409	0.6116
Wearable Tech	219	0.20	3	0.9454	0.5806	0.8182	0.6792
Wearable Tech	219	0.25	3	0.9551	0.6538	0.7727	0.7083
Wearable Tech	219	0.30	3	0.9599	0.7209	0.7045	0.7126
Wearable Tech	219	0.35	3	0.9615	0.7500	0.6818	0.7143
Wearable Tech	219	0.40	3	0.9631	0.7838	0.6591	0.7160
Wearable Tech	219	0.45	3	0.9631	0.8000	0.6364	0.7089
Wearable Tech	219	0.50	3	0.9631	0.8182	0.6136	0.7013
Wearable Tech	219	0.55	3	0.9631	0.8387	0.5909	0.6933
Wearable Tech	219	0.60	3	0.9599	0.8519	0.5227	0.6479
Wearable Tech	219	0.65	3	0.9615	0.8846	0.5227	0.6571
Wearable Tech	219	0.70	3	0.9615	0.9167	0.5000	0.6471
Wearable Tech	219	0.75	3	0.9615	0.9545	0.4773	0.6364
Wearable Tech	219	0.80	3	0.9631	1.0000	0.4773	0.6462
Wearable Tech	219	0.85	3	0.9583	1.0000	0.4091	0.5806
Wearable Tech	219	0.90	3	0.9518	1.0000	0.3182	0.4828
Wearable Tech	219	0.95	3	0.9470	1.0000	0.2500	0.4000
Wearable Tech	219	1.00	3	0.9294	0.0000	0.0000	0.0000
Wearable Tech	219	0.00	4	0.0691	0.0691	1.0000	0.1293
Wearable Tech	219	0.05	4	0.1350	0.0740	1.0000	0.1378
Wearable Tech	219	0.10	4	0.7428	0.2090	0.9767	0.3443
Wearable Tech	219	0.15	4	0.9325	0.5062	0.9535	0.6613
Wearable Tech	219	0.20	4	0.9614	0.6557	0.9302	0.7692
Wearable Tech	219	0.25	4	0.9662	0.7037	0.8837	0.7835
Wearable Tech	219	0.30	4	0.9695	0.7308	0.8837	0.8000
Wearable Tech	219	0.35	4	0.9727	0.7708	0.8605	0.8132
Wearable Tech	219	0.40	4	0.9807	0.8780	0.8372	0.8571
Wearable Tech	219	0.45	4	0.9807	0.8974	0.8140	0.8537
Wearable Tech	219	0.50	4	0.9839	0.9459	0.8140	0.8750
Wearable Tech	219	0.55	4	0.9791	0.9412	0.7442	0.8312
Wearable Tech	219	0.60	4	0.9775	0.9394	0.7209	0.8158
Wearable Tech	219	0.65	4	0.9759	0.9375	0.6977	0.8000
Wearable Tech	219	0.70	4	0.9727	0.9333	0.6512	0.7671
Wearable Tech	219	0.75	4	0.9678	0.9259	0.5814	0.7143
Wearable Tech	219	0.80	4	0.9662	1.0000	0.5116	0.6769
Wearable Tech	219	0.85	4	0.9582	1.0000	0.3953	0.5667
Wearable Tech	219	0.90	4	0.9550	1.0000	0.3488	0.5172
Wearable Tech	219	0.95	4	0.9437	1.0000	0.1860	0.3137
Wearable Tech	219	1.00	4	0.9309	0.0000	0.0000	0.0000
Virtual Reality and Augmented Reality	88	0.00	0	0.0288	0.0288	1.0000	0.0561
Virtual Reality and Augmented Reality	88	0.05	0	0.7708	0.1019	0.8889	0.1829
Virtual Reality and Augmented Reality	88	0.10	0	0.9567	0.3636	0.6667	0.4706
Virtual Reality and Augmented Reality	88	0.15	0	0.9696	0.4800	0.6667	0.5581
Virtual Reality and Augmented Reality	88	0.20	0	0.9744	0.5455	0.6667	0.6000
Virtual Reality and Augmented Reality	88	0.25	0	0.9776	0.6111	0.6111	0.6111
Virtual Reality and Augmented Reality	88	0.30	0	0.9808	0.6875	0.6111	0.6471
Virtual Reality and Augmented Reality	88	0.35	0	0.9792	0.6923	0.5000	0.5806
Virtual Reality and Augmented Reality	88	0.40	0	0.9776	0.6667	0.4444	0.5333
Virtual Reality and Augmented Reality	88	0.45	0	0.9744	0.6250	0.2778	0.3846
Virtual Reality and Augmented Reality	88	0.50	0	0.9744	0.6250	0.2778	0.3846
Virtual Reality and Augmented Reality	88	0.55	0	0.9744	0.7500	0.1667	0.2727
Virtual Reality and Augmented Reality	88	0.60	0	0.9744	0.7500	0.1667	0.2727
Virtual Reality and Augmented Reality	88	0.65	0	0.9728	1.0000	0.0556	0.1053
Virtual Reality and Augmented Reality	88	0.70	0	0.9728	1.0000	0.0556	0.1053
Virtual Reality and Augmented Reality	88	0.75	0	0.9728	1.0000	0.0556	0.1053
Virtual Reality and Augmented Reality	88	0.80	0	0.9728	1.0000	0.0556	0.1053
Virtual Reality and Augmented Reality	88	0.85	0	0.9728	1.0000	0.0556	0.1053
Virtual Reality and Augmented Reality	88	0.90	0	0.9728	1.0000	0.0556	0.1053
Virtual Reality and Augmented Reality	88	0.95	0	0.9712	0.0000	0.0000	0.0000
Virtual Reality and Augmented Reality	88	1.00	0	0.9712	0.0000	0.0000	0.0000
Virtual Reality and Augmented Reality	88	0.00	1	0.0289	0.0289	1.0000	0.0562
Virtual Reality and Augmented Reality	88	0.05	1	0.5457	0.0569	0.9444	0.1073
Virtual Reality and Augmented Reality	88	0.10	1	0.9149	0.2464	0.9444	0.3908
Virtual Reality and Augmented Reality	88	0.15	1	0.9310	0.2727	0.8333	0.4110
Virtual Reality and Augmented Reality	88	0.20	1	0.9518	0.3500	0.7778	0.4828
Virtual Reality and Augmented Reality	88	0.25	1	0.9663	0.4516	0.7778	0.5714
Virtual Reality and Augmented Reality	88	0.30	1	0.9711	0.5000	0.7778	0.6087
Virtual Reality and Augmented Reality	88	0.35	1	0.9711	0.5000	0.7778	0.6087
Virtual Reality and Augmented Reality	88	0.40	1	0.9743	0.5385	0.7778	0.6364
Virtual Reality and Augmented Reality	88	0.45	1	0.9743	0.5385	0.7778	0.6364
Virtual Reality and Augmented Reality	88	0.50	1	0.9743	0.5385	0.7778	0.6364
Virtual Reality and Augmented Reality	88	0.55	1	0.9775	0.5909	0.7222	0.6500
Virtual Reality and Augmented Reality	88	0.60	1	0.9759	0.5714	0.6667	0.6154
Virtual Reality and Augmented Reality	88	0.65	1	0.9775	0.6250	0.5556	0.5882
Virtual Reality and Augmented Reality	88	0.70	1	0.9759	0.6000	0.5000	0.5455
Virtual Reality and Augmented Reality	88	0.75	1	0.9727	0.5455	0.3333	0.4138
Virtual Reality and Augmented Reality	88	0.80	1	0.9759	0.7143	0.2778	0.4000
Virtual Reality and Augmented Reality	88	0.85	1	0.9759	0.8000	0.2222	0.3478
Virtual Reality and Augmented Reality	88	0.90	1	0.9775	1.0000	0.2222	0.3636
Virtual Reality and Augmented Reality	88	0.95	1	0.9759	1.0000	0.1667	0.2857
Virtual Reality and Augmented Reality	88	1.00	1	0.9711	0.0000	0.0000	0.0000
Virtual Reality and Augmented Reality	88	0.00	2	0.0289	0.0289	1.0000	0.0562
Virtual Reality and Augmented Reality	88	0.05	2	0.5104	0.0557	1.0000	0.1056
Virtual Reality and Augmented Reality	88	0.10	2	0.9181	0.2462	0.8889	0.3855
Virtual Reality and Augmented Reality	88	0.15	2	0.9535	0.3590	0.7778	0.4912
Virtual Reality and Augmented Reality	88	0.20	2	0.9663	0.4516	0.7778	0.5714
Virtual Reality and Augmented Reality	88	0.25	2	0.9759	0.5652	0.7222	0.6341
Virtual Reality and Augmented Reality	88	0.30	2	0.9759	0.5652	0.7222	0.6341
Virtual Reality and Augmented Reality	88	0.35	2	0.9791	0.6190	0.7222	0.6667
Virtual Reality and Augmented Reality	88	0.40	2	0.9823	0.6842	0.7222	0.7027
Virtual Reality and Augmented Reality	88	0.45	2	0.9839	0.7222	0.7222	0.7222
Virtual Reality and Augmented Reality	88	0.50	2	0.9823	0.7059	0.6667	0.6857
Virtual Reality and Augmented Reality	88	0.55	2	0.9823	0.7333	0.6111	0.6667
Virtual Reality and Augmented Reality	88	0.60	2	0.9823	0.7333	0.6111	0.6667
Virtual Reality and Augmented Reality	88	0.65	2	0.9856	0.8462	0.6111	0.7097
Virtual Reality and Augmented Reality	88	0.70	2	0.9856	0.8462	0.6111	0.7097
Virtual Reality and Augmented Reality	88	0.75	2	0.9856	0.9091	0.5556	0.6897
Virtual Reality and Augmented Reality	88	0.80	2	0.9839	0.9000	0.5000	0.6429
Virtual Reality and Augmented Reality	88	0.85	2	0.9823	0.8889	0.4444	0.5926
Virtual Reality and Augmented Reality	88	0.90	2	0.9823	0.8889	0.4444	0.5926
Virtual Reality and Augmented Reality	88	0.95	2	0.9759	0.8000	0.2222	0.3478
Virtual Reality and Augmented Reality	88	1.00	2	0.9711	0.0000	0.0000	0.0000
Virtual Reality and Augmented Reality	88	0.00	3	0.0273	0.0273	1.0000	0.0532
Virtual Reality and Augmented Reality	88	0.05	3	0.5386	0.0559	1.0000	0.1059
Virtual Reality and Augmented Reality	88	0.10	3	0.9260	0.2623	0.9412	0.4103
Virtual Reality and Augmented Reality	88	0.15	3	0.9405	0.2826	0.7647	0.4127
Virtual Reality and Augmented Reality	88	0.20	3	0.9646	0.4138	0.7059	0.5217
Virtual Reality and Augmented Reality	88	0.25	3	0.9695	0.4615	0.7059	0.5581
Virtual Reality and Augmented Reality	88	0.30	3	0.9695	0.4615	0.7059	0.5581
Virtual Reality and Augmented Reality	88	0.35	3	0.9711	0.4800	0.7059	0.5714
Virtual Reality and Augmented Reality	88	0.40	3	0.9727	0.5000	0.7059	0.5854
Virtual Reality and Augmented Reality	88	0.45	3	0.9743	0.5217	0.7059	0.6000
Virtual Reality and Augmented Reality	88	0.50	3	0.9759	0.5455	0.7059	0.6154
Virtual Reality and Augmented Reality	88	0.55	3	0.9759	0.5455	0.7059	0.6154
Virtual Reality and Augmented Reality	88	0.60	3	0.9807	0.6316	0.7059	0.6667
Virtual Reality and Augmented Reality	88	0.65	3	0.9807	0.6471	0.6471	0.6471
Virtual Reality and Augmented Reality	88	0.70	3	0.9791	0.6429	0.5294	0.5806
Virtual Reality and Augmented Reality	88	0.75	3	0.9791	0.6429	0.5294	0.5806
Virtual Reality and Augmented Reality	88	0.80	3	0.9791	0.7000	0.4118	0.5185
Virtual Reality and Augmented Reality	88	0.85	3	0.9759	0.6667	0.2353	0.3478
Virtual Reality and Augmented Reality	88	0.90	3	0.9759	0.6667	0.2353	0.3478
Virtual Reality and Augmented Reality	88	0.95	3	0.9759	0.6667	0.2353	0.3478
Virtual Reality and Augmented Reality	88	1.00	3	0.9727	0.0000	0.0000	0.0000
Virtual Reality and Augmented Reality	88	0.00	4	0.0273	0.0273	1.0000	0.0532
Virtual Reality and Augmented Reality	88	0.05	4	0.5434	0.0565	1.0000	0.1069
Virtual Reality and Augmented Reality	88	0.10	4	0.9132	0.2394	1.0000	0.3864
Virtual Reality and Augmented Reality	88	0.15	4	0.9357	0.2909	0.9412	0.4444
Virtual Reality and Augmented Reality	88	0.20	4	0.9486	0.3333	0.8824	0.4839
Virtual Reality and Augmented Reality	88	0.25	4	0.9502	0.3250	0.7647	0.4561
Virtual Reality and Augmented Reality	88	0.30	4	0.9566	0.3611	0.7647	0.4906
Virtual Reality and Augmented Reality	88	0.35	4	0.9582	0.3636	0.7059	0.4800
Virtual Reality and Augmented Reality	88	0.40	4	0.9582	0.3448	0.5882	0.4348
Virtual Reality and Augmented Reality	88	0.45	4	0.9662	0.4167	0.5882	0.4878
Virtual Reality and Augmented Reality	88	0.50	4	0.9662	0.4000	0.4706	0.4324
Virtual Reality and Augmented Reality	88	0.55	4	0.9678	0.4211	0.4706	0.4444
Virtual Reality and Augmented Reality	88	0.60	4	0.9646	0.3333	0.2941	0.3125
Virtual Reality and Augmented Reality	88	0.65	4	0.9678	0.3846	0.2941	0.3333
Virtual Reality and Augmented Reality	88	0.70	4	0.9695	0.4000	0.2353	0.2963
Virtual Reality and Augmented Reality	88	0.75	4	0.9678	0.3333	0.1765	0.2308
Virtual Reality and Augmented Reality	88	0.80	4	0.9678	0.2857	0.1176	0.1667
Virtual Reality and Augmented Reality	88	0.85	4	0.9711	0.4000	0.1176	0.1818
Virtual Reality and Augmented Reality	88	0.90	4	0.9711	0.4000	0.1176	0.1818
Virtual Reality and Augmented Reality	88	0.95	4	0.9743	0.6667	0.1176	0.2000
Virtual Reality and Augmented Reality	88	1.00	4	0.9727	0.0000	0.0000	0.0000
Drone	145	0.00	0	0.0465	0.0465	1.0000	0.0890
Drone	145	0.05	0	0.2937	0.0618	1.0000	0.1165
Drone	145	0.10	0	0.9454	0.4603	1.0000	0.6304
Drone	145	0.15	0	0.9679	0.5918	1.0000	0.7436
Drone	145	0.20	0	0.9807	0.7073	1.0000	0.8286
Drone	145	0.25	0	0.9856	0.7632	1.0000	0.8657
Drone	145	0.30	0	0.9872	0.7838	1.0000	0.8788
Drone	145	0.35	0	0.9856	0.7778	0.9655	0.8615
Drone	145	0.40	0	0.9823	0.7647	0.8966	0.8254
Drone	145	0.45	0	0.9839	0.7879	0.8966	0.8387
Drone	145	0.50	0	0.9791	0.7667	0.7931	0.7797
Drone	145	0.55	0	0.9791	0.7857	0.7586	0.7719
Drone	145	0.60	0	0.9791	0.7857	0.7586	0.7719
Drone	145	0.65	0	0.9775	0.8000	0.6897	0.7407
Drone	145	0.70	0	0.9759	0.8182	0.6207	0.7059
Drone	145	0.75	0	0.9743	0.8421	0.5517	0.6667
Drone	145	0.80	0	0.9727	0.8333	0.5172	0.6383
Drone	145	0.85	0	0.9711	0.8667	0.4483	0.5909
Drone	145	0.90	0	0.9695	0.9167	0.3793	0.5366
Drone	145	0.95	0	0.9647	1.0000	0.2414	0.3889
Drone	145	1.00	0	0.9535	0.0000	0.0000	0.0000
Drone	145	0.00	1	0.0465	0.0465	1.0000	0.0890
Drone	145	0.05	1	0.3515	0.0670	1.0000	0.1255
Drone	145	0.10	1	0.9358	0.4203	1.0000	0.5918
Drone	145	0.15	1	0.9679	0.5918	1.0000	0.7436
Drone	145	0.20	1	0.9727	0.6304	1.0000	0.7733
Drone	145	0.25	1	0.9775	0.6829	0.9655	0.8000
Drone	145	0.30	1	0.9775	0.6829	0.9655	0.8000
Drone	145	0.35	1	0.9791	0.7105	0.9310	0.8060
Drone	145	0.40	1	0.9807	0.7576	0.8621	0.8065
Drone	145	0.45	1	0.9791	0.7667	0.7931	0.7797
Drone	145	0.50	1	0.9791	0.7857	0.7586	0.7719
Drone	145	0.55	1	0.9759	0.7917	0.6552	0.7170
Drone	145	0.60	1	0.9743	0.7826	0.6207	0.6923
Drone	145	0.65	1	0.9759	0.8500	0.5862	0.6939
Drone	145	0.70	1	0.9759	0.8500	0.5862	0.6939
Drone	145	0.75	1	0.9759	0.8500	0.5862	0.6939
Drone	145	0.80	1	0.9711	0.8667	0.4483	0.5909
Drone	145	0.85	1	0.9711	0.9231	0.4138	0.5714
Drone	145	0.90	1	0.9711	0.9231	0.4138	0.5714
Drone	145	0.95	1	0.9615	0.8571	0.2069	0.3333
Drone	145	1.00	1	0.9535	0.0000	0.0000	0.0000
Drone	145	0.00	2	0.0465	0.0465	1.0000	0.0890
Drone	145	0.05	2	0.4109	0.0732	1.0000	0.1365
Drone	145	0.10	2	0.9743	0.6444	1.0000	0.7838
Drone	145	0.15	2	0.9823	0.7500	0.9310	0.8308
Drone	145	0.20	2	0.9823	0.8000	0.8276	0.8136
Drone	145	0.25	2	0.9856	0.8571	0.8276	0.8421
Drone	145	0.30	2	0.9839	0.8519	0.7931	0.8214
Drone	145	0.35	2	0.9839	0.8519	0.7931	0.8214
Drone	145	0.40	2	0.9823	0.8462	0.7586	0.8000
Drone	145	0.45	2	0.9807	0.8400	0.7241	0.7778
Drone	145	0.50	2	0.9791	0.8636	0.6552	0.7451
Drone	145	0.55	2	0.9775	0.8947	0.5862	0.7083
Drone	145	0.60	2	0.9791	0.9444	0.5862	0.7234
Drone	145	0.65	2	0.9791	0.9444	0.5862	0.7234
Drone	145	0.70	2	0.9743	0.9333	0.4828	0.6364
Drone	145	0.75	2	0.9727	0.9286	0.4483	0.6047
Drone	145	0.80	2	0.9679	0.9091	0.3448	0.5000
Drone	145	0.85	2	0.9679	1.0000	0.3103	0.4737
Drone	145	0.90	2	0.9663	1.0000	0.2759	0.4324
Drone	145	0.95	2	0.9631	1.0000	0.2069	0.3429
Drone	145	1.00	2	0.9535	0.0000	0.0000	0.0000
Drone	145	0.00	3	0.0465	0.0465	1.0000	0.0890
Drone	145	0.05	3	0.4013	0.0721	1.0000	0.1346
Drone	145	0.10	3	0.9711	0.6222	0.9655	0.7568
Drone	145	0.15	3	0.9791	0.7105	0.9310	0.8060
Drone	145	0.20	3	0.9839	0.7879	0.8966	0.8387
Drone	145	0.25	3	0.9839	0.7879	0.8966	0.8387
Drone	145	0.30	3	0.9823	0.7812	0.8621	0.8197
Drone	145	0.35	3	0.9823	0.8000	0.8276	0.8136
Drone	145	0.40	3	0.9823	0.8000	0.8276	0.8136
Drone	145	0.45	3	0.9759	0.7692	0.6897	0.7273
Drone	145	0.50	3	0.9759	0.7917	0.6552	0.7170
Drone	145	0.55	3	0.9759	0.8182	0.6207	0.7059
Drone	145	0.60	3	0.9759	0.8182	0.6207	0.7059
Drone	145	0.65	3	0.9759	0.8182	0.6207	0.7059
Drone	145	0.70	3	0.9775	0.8571	0.6207	0.7200
Drone	145	0.75	3	0.9775	0.8571	0.6207	0.7200
Drone	145	0.80	3	0.9743	0.8824	0.5172	0.6522
Drone	145	0.85	3	0.9743	0.9333	0.4828	0.6364
Drone	145	0.90	3	0.9695	0.9167	0.3793	0.5366
Drone	145	0.95	3	0.9663	1.0000	0.2759	0.4324
Drone	145	1.00	3	0.9535	0.0000	0.0000	0.0000
Drone	145	0.00	4	0.0466	0.0466	1.0000	0.0891
Drone	145	0.05	4	0.3682	0.0687	1.0000	0.1286
Drone	145	0.10	4	0.9582	0.5273	1.0000	0.6905
Drone	145	0.15	4	0.9775	0.6744	1.0000	0.8056
Drone	145	0.20	4	0.9807	0.7073	1.0000	0.8286
Drone	145	0.25	4	0.9823	0.7250	1.0000	0.8406
Drone	145	0.30	4	0.9839	0.7436	1.0000	0.8529
Drone	145	0.35	4	0.9807	0.7297	0.9310	0.8182
Drone	145	0.40	4	0.9823	0.7647	0.8966	0.8254
Drone	145	0.45	4	0.9791	0.7667	0.7931	0.7797
Drone	145	0.50	4	0.9791	0.7667	0.7931	0.7797
Drone	145	0.55	4	0.9743	0.7600	0.6552	0.7037
Drone	145	0.60	4	0.9727	0.7500	0.6207	0.6792
Drone	145	0.65	4	0.9727	0.7500	0.6207	0.6792
Drone	145	0.70	4	0.9662	0.7222	0.4483	0.5532
Drone	145	0.75	4	0.9662	0.7222	0.4483	0.5532
Drone	145	0.80	4	0.9646	0.7333	0.3793	0.5000
Drone	145	0.85	4	0.9630	0.7143	0.3448	0.4651
Drone	145	0.90	4	0.9630	0.8000	0.2759	0.4103
Drone	145	0.95	4	0.9598	0.7500	0.2069	0.3243
Drone	145	1.00	4	0.9534	0.0000	0.0000	0.0000
NanoTech	155	0.00	0	0.0498	0.0498	1.0000	0.0948
NanoTech	155	0.05	0	0.1589	0.0559	1.0000	0.1058
NanoTech	155	0.10	0	0.8957	0.3191	0.9677	0.4800
NanoTech	155	0.15	0	0.9807	0.7317	0.9677	0.8333
NanoTech	155	0.20	0	0.9856	0.8056	0.9355	0.8657
NanoTech	155	0.25	0	0.9823	0.7941	0.8710	0.8308
NanoTech	155	0.30	0	0.9807	0.7879	0.8387	0.8125
NanoTech	155	0.35	0	0.9823	0.8125	0.8387	0.8254
NanoTech	155	0.40	0	0.9823	0.8333	0.8065	0.8197
NanoTech	155	0.45	0	0.9839	0.8621	0.8065	0.8333
NanoTech	155	0.50	0	0.9823	0.8571	0.7742	0.8136
NanoTech	155	0.55	0	0.9807	0.8800	0.7097	0.7857
NanoTech	155	0.60	0	0.9823	0.9167	0.7097	0.8000
NanoTech	155	0.65	0	0.9743	0.8947	0.5484	0.6800
NanoTech	155	0.70	0	0.9663	0.8571	0.3871	0.5333
NanoTech	155	0.75	0	0.9631	0.8333	0.3226	0.4651
NanoTech	155	0.80	0	0.9567	0.7500	0.1935	0.3077
NanoTech	155	0.85	0	0.9535	0.6667	0.1290	0.2162
NanoTech	155	0.90	0	0.9535	0.6667	0.1290	0.2162
NanoTech	155	0.95	0	0.9518	0.6667	0.0645	0.1176
NanoTech	155	1.00	0	0.9502	0.0000	0.0000	0.0000
NanoTech	155	0.00	1	0.0498	0.0498	1.0000	0.0948
NanoTech	155	0.05	1	0.1974	0.0584	1.0000	0.1103
NanoTech	155	0.10	1	0.8700	0.2768	1.0000	0.4336
NanoTech	155	0.15	1	0.9631	0.5741	1.0000	0.7294
NanoTech	155	0.20	1	0.9807	0.7209	1.0000	0.8378
NanoTech	155	0.25	1	0.9839	0.7561	1.0000	0.8611
NanoTech	155	0.30	1	0.9823	0.7632	0.9355	0.8406
NanoTech	155	0.35	1	0.9839	0.8000	0.9032	0.8485
NanoTech	155	0.40	1	0.9856	0.8235	0.9032	0.8615
NanoTech	155	0.45	1	0.9856	0.8667	0.8387	0.8525
NanoTech	155	0.50	1	0.9823	0.8571	0.7742	0.8136
NanoTech	155	0.55	1	0.9823	0.9167	0.7097	0.8000
NanoTech	155	0.60	1	0.9807	0.9130	0.6774	0.7778
NanoTech	155	0.65	1	0.9791	0.9091	0.6452	0.7547
NanoTech	155	0.70	1	0.9759	0.9444	0.5484	0.6939
NanoTech	155	0.75	1	0.9711	0.9333	0.4516	0.6087
NanoTech	155	0.80	1	0.9679	0.9231	0.3871	0.5455
NanoTech	155	0.85	1	0.9615	1.0000	0.2258	0.3684
NanoTech	155	0.90	1	0.9599	1.0000	0.1935	0.3243
NanoTech	155	0.95	1	0.9535	1.0000	0.0645	0.1212
NanoTech	155	1.00	1	0.9502	0.0000	0.0000	0.0000
NanoTech	155	0.00	2	0.0498	0.0498	1.0000	0.0948
NanoTech	155	0.05	2	0.2087	0.0592	1.0000	0.1117
NanoTech	155	0.10	2	0.9486	0.4921	1.0000	0.6596
NanoTech	155	0.15	2	0.9888	0.8158	1.0000	0.8986
NanoTech	155	0.20	2	0.9872	0.8286	0.9355	0.8788
NanoTech	155	0.25	2	0.9823	0.8333	0.8065	0.8197
NanoTech	155	0.30	2	0.9839	0.8621	0.8065	0.8333
NanoTech	155	0.35	2	0.9807	0.8800	0.7097	0.7857
NanoTech	155	0.40	2	0.9791	0.8750	0.6774	0.7636
NanoTech	155	0.45	2	0.9727	0.8500	0.5484	0.6667
NanoTech	155	0.50	2	0.9711	0.8421	0.5161	0.6400
NanoTech	155	0.55	2	0.9695	0.8333	0.4839	0.6122
NanoTech	155	0.60	2	0.9695	0.8333	0.4839	0.6122
NanoTech	155	0.65	2	0.9711	0.8824	0.4839	0.6250
NanoTech	155	0.70	2	0.9695	0.8750	0.4516	0.5957
NanoTech	155	0.75	2	0.9663	0.8571	0.3871	0.5333
NanoTech	155	0.80	2	0.9663	0.9167	0.3548	0.5116
NanoTech	155	0.85	2	0.9567	0.8333	0.1613	0.2703
NanoTech	155	0.90	2	0.9518	1.0000	0.0323	0.0625
NanoTech	155	0.95	2	0.9518	1.0000	0.0323	0.0625
NanoTech	155	1.00	2	0.9502	0.0000	0.0000	0.0000
NanoTech	155	0.00	3	0.0498	0.0498	1.0000	0.0948
NanoTech	155	0.05	3	0.1814	0.0573	1.0000	0.1084
NanoTech	155	0.10	3	0.8973	0.3263	1.0000	0.4921
NanoTech	155	0.15	3	0.9695	0.6250	0.9677	0.7595
NanoTech	155	0.20	3	0.9759	0.6905	0.9355	0.7945
NanoTech	155	0.25	3	0.9807	0.7568	0.9032	0.8235
NanoTech	155	0.30	3	0.9839	0.8182	0.8710	0.8438
NanoTech	155	0.35	3	0.9823	0.8571	0.7742	0.8136
NanoTech	155	0.40	3	0.9807	0.8519	0.7419	0.7931
NanoTech	155	0.45	3	0.9807	0.8800	0.7097	0.7857
NanoTech	155	0.50	3	0.9759	0.8636	0.6129	0.7170
NanoTech	155	0.55	3	0.9759	0.8636	0.6129	0.7170
NanoTech	155	0.60	3	0.9759	0.8636	0.6129	0.7170
NanoTech	155	0.65	3	0.9743	0.8571	0.5806	0.6923
NanoTech	155	0.70	3	0.9663	0.8125	0.4194	0.5532
NanoTech	155	0.75	3	0.9647	0.8462	0.3548	0.5000
NanoTech	155	0.80	3	0.9615	0.8182	0.2903	0.4286
NanoTech	155	0.85	3	0.9615	0.8182	0.2903	0.4286
NanoTech	155	0.90	3	0.9583	0.8571	0.1935	0.3158
NanoTech	155	0.95	3	0.9518	0.6667	0.0645	0.1176
NanoTech	155	1.00	3	0.9502	0.0000	0.0000	0.0000
NanoTech	155	0.00	4	0.0498	0.0498	1.0000	0.0949
NanoTech	155	0.05	4	0.1817	0.0574	1.0000	0.1086
NanoTech	155	0.10	4	0.8987	0.3298	1.0000	0.4960
NanoTech	155	0.15	4	0.9727	0.6522	0.9677	0.7792
NanoTech	155	0.20	4	0.9791	0.7250	0.9355	0.8169
NanoTech	155	0.25	4	0.9855	0.8235	0.9032	0.8615
NanoTech	155	0.30	4	0.9871	0.8485	0.9032	0.8750
NanoTech	155	0.35	4	0.9823	0.8333	0.8065	0.8197
NanoTech	155	0.40	4	0.9839	0.8889	0.7742	0.8276
NanoTech	155	0.45	4	0.9839	0.8889	0.7742	0.8276
NanoTech	155	0.50	4	0.9791	0.8750	0.6774	0.7636
NanoTech	155	0.55	4	0.9743	0.8947	0.5484	0.6800
NanoTech	155	0.60	4	0.9743	0.9412	0.5161	0.6667
NanoTech	155	0.65	4	0.9727	0.9375	0.4839	0.6383
NanoTech	155	0.70	4	0.9678	1.0000	0.3548	0.5238
NanoTech	155	0.75	4	0.9662	1.0000	0.3226	0.4878
NanoTech	155	0.80	4	0.9662	1.0000	0.3226	0.4878
NanoTech	155	0.85	4	0.9614	1.0000	0.2258	0.3684
NanoTech	155	0.90	4	0.9566	1.0000	0.1290	0.2286
NanoTech	155	0.95	4	0.9550	1.0000	0.0968	0.1765
NanoTech	155	1.00	4	0.9502	0.0000	0.0000	0.0000
Manufacturing	150	0.00	0	0.0482	0.0482	1.0000	0.0919
Manufacturing	150	0.05	0	0.1204	0.0519	1.0000	0.0987
Manufacturing	150	0.10	0	0.8652	0.2545	0.9333	0.4000
Manufacturing	150	0.15	0	0.9422	0.4500	0.9000	0.6000
Manufacturing	150	0.20	0	0.9647	0.5952	0.8333	0.6944
Manufacturing	150	0.25	0	0.9743	0.7059	0.8000	0.7500
Manufacturing	150	0.30	0	0.9775	0.7500	0.8000	0.7742
Manufacturing	150	0.35	0	0.9759	0.7586	0.7333	0.7458
Manufacturing	150	0.40	0	0.9743	0.7500	0.7000	0.7241
Manufacturing	150	0.45	0	0.9727	0.7600	0.6333	0.6909
Manufacturing	150	0.50	0	0.9695	0.7619	0.5333	0.6275
Manufacturing	150	0.55	0	0.9631	0.7059	0.4000	0.5106
Manufacturing	150	0.60	0	0.9647	0.7857	0.3667	0.5000
Manufacturing	150	0.65	0	0.9615	0.8000	0.2667	0.4000
Manufacturing	150	0.70	0	0.9567	0.7143	0.1667	0.2703
Manufacturing	150	0.75	0	0.9567	0.7143	0.1667	0.2703
Manufacturing	150	0.80	0	0.9583	0.8333	0.1667	0.2778
Manufacturing	150	0.85	0	0.9583	1.0000	0.1333	0.2353
Manufacturing	150	0.90	0	0.9567	1.0000	0.1000	0.1818
Manufacturing	150	0.95	0	0.9551	1.0000	0.0667	0.1250
Manufacturing	150	1.00	0	0.9518	0.0000	0.0000	0.0000
Manufacturing	150	0.00	1	0.0482	0.0482	1.0000	0.0919
Manufacturing	150	0.05	1	0.1332	0.0511	0.9667	0.0970
Manufacturing	150	0.10	1	0.7705	0.1617	0.9000	0.2741
Manufacturing	150	0.15	1	0.8957	0.2941	0.8333	0.4348
Manufacturing	150	0.20	1	0.9149	0.3380	0.8000	0.4752
Manufacturing	150	0.25	1	0.9294	0.3871	0.8000	0.5217
Manufacturing	150	0.30	1	0.9326	0.3966	0.7667	0.5227
Manufacturing	150	0.35	1	0.9422	0.4375	0.7000	0.5385
Manufacturing	150	0.40	1	0.9454	0.4524	0.6333	0.5278
Manufacturing	150	0.45	1	0.9486	0.4737	0.6000	0.5294
Manufacturing	150	0.50	1	0.9486	0.4688	0.5000	0.4839
Manufacturing	150	0.55	1	0.9454	0.4231	0.3667	0.3929
Manufacturing	150	0.60	1	0.9486	0.4583	0.3667	0.4074
Manufacturing	150	0.65	1	0.9551	0.5556	0.3333	0.4167
Manufacturing	150	0.70	1	0.9551	0.5556	0.3333	0.4167
Manufacturing	150	0.75	1	0.9551	0.5625	0.3000	0.3913
Manufacturing	150	0.80	1	0.9551	0.5714	0.2667	0.3636
Manufacturing	150	0.85	1	0.9535	0.5556	0.1667	0.2564
Manufacturing	150	0.90	1	0.9583	1.0000	0.1333	0.2353
Manufacturing	150	0.95	1	0.9535	1.0000	0.0333	0.0645
Manufacturing	150	1.00	1	0.9518	0.0000	0.0000	0.0000
Manufacturing	150	0.00	2	0.0482	0.0482	1.0000	0.0919
Manufacturing	150	0.05	2	0.1268	0.0523	1.0000	0.0993
Manufacturing	150	0.10	2	0.8218	0.1760	0.7333	0.2839
Manufacturing	150	0.15	2	0.9005	0.2778	0.6667	0.3922
Manufacturing	150	0.20	2	0.9133	0.3065	0.6333	0.4130
Manufacturing	150	0.25	2	0.9213	0.3273	0.6000	0.4235
Manufacturing	150	0.30	2	0.9230	0.3333	0.6000	0.4286
Manufacturing	150	0.35	2	0.9294	0.3542	0.5667	0.4359
Manufacturing	150	0.40	2	0.9438	0.4359	0.5667	0.4928
Manufacturing	150	0.45	2	0.9422	0.4167	0.5000	0.4545
Manufacturing	150	0.50	2	0.9390	0.3750	0.4000	0.3871
Manufacturing	150	0.55	2	0.9406	0.3871	0.4000	0.3934
Manufacturing	150	0.60	2	0.9374	0.3448	0.3333	0.3390
Manufacturing	150	0.65	2	0.9390	0.3182	0.2333	0.2692
Manufacturing	150	0.70	2	0.9358	0.2222	0.1333	0.1667
Manufacturing	150	0.75	2	0.9374	0.2000	0.1000	0.1333
Manufacturing	150	0.80	2	0.9438	0.2727	0.1000	0.1463
Manufacturing	150	0.85	2	0.9470	0.2857	0.0667	0.1081
Manufacturing	150	0.90	2	0.9502	0.4000	0.0667	0.1143
Manufacturing	150	0.95	2	0.9502	0.0000	0.0000	0.0000
Manufacturing	150	1.00	2	0.9518	0.0000	0.0000	0.0000
Manufacturing	150	0.00	3	0.0482	0.0482	1.0000	0.0919
Manufacturing	150	0.05	3	0.1172	0.0517	1.0000	0.0984
Manufacturing	150	0.10	3	0.7994	0.1935	1.0000	0.3243
Manufacturing	150	0.15	3	0.9117	0.3529	1.0000	0.5217
Manufacturing	150	0.20	3	0.9278	0.3944	0.9333	0.5545
Manufacturing	150	0.25	3	0.9390	0.4355	0.9000	0.5870
Manufacturing	150	0.30	3	0.9438	0.4545	0.8333	0.5882
Manufacturing	150	0.35	3	0.9422	0.4400	0.7333	0.5500
Manufacturing	150	0.40	3	0.9422	0.4286	0.6000	0.5000
Manufacturing	150	0.45	3	0.9454	0.4412	0.5000	0.4688
Manufacturing	150	0.50	3	0.9438	0.4138	0.4000	0.4068
Manufacturing	150	0.55	3	0.9486	0.4583	0.3667	0.4074
Manufacturing	150	0.60	3	0.9470	0.4211	0.2667	0.3265
Manufacturing	150	0.65	3	0.9486	0.4444	0.2667	0.3333
Manufacturing	150	0.70	3	0.9518	0.5000	0.2667	0.3478
Manufacturing	150	0.75	3	0.9535	0.5455	0.2000	0.2927
Manufacturing	150	0.80	3	0.9551	0.6250	0.1667	0.2632
Manufacturing	150	0.85	3	0.9551	0.6250	0.1667	0.2632
Manufacturing	150	0.90	3	0.9535	0.5714	0.1333	0.2162
Manufacturing	150	0.95	3	0.9551	0.7500	0.1000	0.1765
Manufacturing	150	1.00	3	0.9518	0.0000	0.0000	0.0000
Manufacturing	150	0.00	4	0.0482	0.0482	1.0000	0.0920
Manufacturing	150	0.05	4	0.1238	0.0522	1.0000	0.0992
Manufacturing	150	0.10	4	0.8071	0.1918	0.9333	0.3182
Manufacturing	150	0.15	4	0.9180	0.3600	0.9000	0.5143
Manufacturing	150	0.20	4	0.9309	0.4000	0.8667	0.5474
Manufacturing	150	0.25	4	0.9309	0.3898	0.7667	0.5169
Manufacturing	150	0.30	4	0.9309	0.3898	0.7667	0.5169
Manufacturing	150	0.35	4	0.9293	0.3750	0.7000	0.4884
Manufacturing	150	0.40	4	0.9405	0.4255	0.6667	0.5195
Manufacturing	150	0.45	4	0.9437	0.4390	0.6000	0.5070
Manufacturing	150	0.50	4	0.9405	0.4103	0.5333	0.4638
Manufacturing	150	0.55	4	0.9421	0.4118	0.4667	0.4375
Manufacturing	150	0.60	4	0.9405	0.3871	0.4000	0.3934
Manufacturing	150	0.65	4	0.9469	0.4348	0.3333	0.3774
Manufacturing	150	0.70	4	0.9469	0.4286	0.3000	0.3529
Manufacturing	150	0.75	4	0.9502	0.4667	0.2333	0.3111
Manufacturing	150	0.80	4	0.9518	0.5000	0.2000	0.2857
Manufacturing	150	0.85	4	0.9518	0.5000	0.1000	0.1667
Manufacturing	150	0.90	4	0.9518	0.5000	0.0667	0.1176
Manufacturing	150	0.95	4	0.9534	0.6667	0.0667	0.1212
Manufacturing	150	1.00	4	0.9518	0.0000	0.0000	0.0000
Ecommerce	204	0.00	0	0.0658	0.0658	1.0000	0.1235
Ecommerce	204	0.05	0	0.1637	0.0730	1.0000	0.1360
Ecommerce	204	0.10	0	0.9005	0.3981	1.0000	0.5694
Ecommerce	204	0.15	0	0.9759	0.7321	1.0000	0.8454
Ecommerce	204	0.20	0	0.9839	0.8163	0.9756	0.8889
Ecommerce	204	0.25	0	0.9888	0.8864	0.9512	0.9176
Ecommerce	204	0.30	0	0.9888	0.8864	0.9512	0.9176
Ecommerce	204	0.35	0	0.9888	0.9048	0.9268	0.9157
Ecommerce	204	0.40	0	0.9872	0.9024	0.9024	0.9024
Ecommerce	204	0.45	0	0.9888	0.9250	0.9024	0.9136
Ecommerce	204	0.50	0	0.9888	0.9250	0.9024	0.9136
Ecommerce	204	0.55	0	0.9856	0.9211	0.8537	0.8861
Ecommerce	204	0.60	0	0.9823	0.9167	0.8049	0.8571
Ecommerce	204	0.65	0	0.9791	0.9118	0.7561	0.8267
Ecommerce	204	0.70	0	0.9791	0.9375	0.7317	0.8219
Ecommerce	204	0.75	0	0.9807	0.9677	0.7317	0.8333
Ecommerce	204	0.80	0	0.9791	0.9667	0.7073	0.8169
Ecommerce	204	0.85	0	0.9759	0.9643	0.6585	0.7826
Ecommerce	204	0.90	0	0.9679	0.9565	0.5366	0.6875
Ecommerce	204	0.95	0	0.9567	1.0000	0.3415	0.5091
Ecommerce	204	1.00	0	0.9342	0.0000	0.0000	0.0000
Ecommerce	204	0.00	1	0.0658	0.0658	1.0000	0.1235
Ecommerce	204	0.05	1	0.2697	0.0827	1.0000	0.1527
Ecommerce	204	0.10	1	0.9278	0.4750	0.9268	0.6281
Ecommerce	204	0.15	1	0.9727	0.7400	0.9024	0.8132
Ecommerce	204	0.20	1	0.9807	0.8537	0.8537	0.8537
Ecommerce	204	0.25	1	0.9839	0.8974	0.8537	0.8750
Ecommerce	204	0.30	1	0.9872	0.9459	0.8537	0.8974
Ecommerce	204	0.35	1	0.9823	0.9412	0.7805	0.8533
Ecommerce	204	0.40	1	0.9823	0.9412	0.7805	0.8533
Ecommerce	204	0.45	1	0.9807	0.9394	0.7561	0.8378
Ecommerce	204	0.50	1	0.9807	0.9394	0.7561	0.8378
Ecommerce	204	0.55	1	0.9791	0.9375	0.7317	0.8219
Ecommerce	204	0.60	1	0.9759	0.9333	0.6829	0.7887
Ecommerce	204	0.65	1	0.9727	0.9286	0.6341	0.7536
Ecommerce	204	0.70	1	0.9743	0.9630	0.6341	0.7647
Ecommerce	204	0.75	1	0.9695	1.0000	0.5366	0.6984
Ecommerce	204	0.80	1	0.9695	1.0000	0.5366	0.6984
Ecommerce	204	0.85	1	0.9631	1.0000	0.4390	0.6102
Ecommerce	204	0.90	1	0.9567	1.0000	0.3415	0.5091
Ecommerce	204	0.95	1	0.9486	1.0000	0.2195	0.3600
Ecommerce	204	1.00	1	0.9342	0.0000	0.0000	0.0000
Ecommerce	204	0.00	2	0.0658	0.0658	1.0000	0.1235
Ecommerce	204	0.05	2	0.2279	0.0769	0.9756	0.1426
Ecommerce	204	0.10	2	0.9551	0.6066	0.9024	0.7255
Ecommerce	204	0.15	2	0.9856	0.9211	0.8537	0.8861
Ecommerce	204	0.20	2	0.9888	0.9722	0.8537	0.9091
Ecommerce	204	0.25	2	0.9872	0.9714	0.8293	0.8947
Ecommerce	204	0.30	2	0.9856	0.9706	0.8049	0.8800
Ecommerce	204	0.35	2	0.9856	0.9706	0.8049	0.8800
Ecommerce	204	0.40	2	0.9839	0.9697	0.7805	0.8649
Ecommerce	204	0.45	2	0.9823	0.9688	0.7561	0.8493
Ecommerce	204	0.50	2	0.9823	0.9688	0.7561	0.8493
Ecommerce	204	0.55	2	0.9823	0.9688	0.7561	0.8493
Ecommerce	204	0.60	2	0.9807	0.9677	0.7317	0.8333
Ecommerce	204	0.65	2	0.9791	0.9667	0.7073	0.8169
Ecommerce	204	0.70	2	0.9759	1.0000	0.6341	0.7761
Ecommerce	204	0.75	2	0.9759	1.0000	0.6341	0.7761
Ecommerce	204	0.80	2	0.9743	1.0000	0.6098	0.7576
Ecommerce	204	0.85	2	0.9727	1.0000	0.5854	0.7385
Ecommerce	204	0.90	2	0.9711	1.0000	0.5610	0.7188
Ecommerce	204	0.95	2	0.9615	1.0000	0.4146	0.5862
Ecommerce	204	1.00	2	0.9342	0.0000	0.0000	0.0000
Ecommerce	204	0.00	3	0.0658	0.0658	1.0000	0.1235
Ecommerce	204	0.05	3	0.1942	0.0755	1.0000	0.1404
Ecommerce	204	0.10	3	0.8925	0.3774	0.9756	0.5442
Ecommerce	204	0.15	3	0.9518	0.5846	0.9268	0.7170
Ecommerce	204	0.20	3	0.9775	0.7755	0.9268	0.8444
Ecommerce	204	0.25	3	0.9823	0.8409	0.9024	0.8706
Ecommerce	204	0.30	3	0.9888	0.9250	0.9024	0.9136
Ecommerce	204	0.35	3	0.9888	0.9250	0.9024	0.9136
Ecommerce	204	0.40	3	0.9888	0.9250	0.9024	0.9136
Ecommerce	204	0.45	3	0.9872	0.9231	0.8780	0.9000
Ecommerce	204	0.50	3	0.9872	0.9231	0.8780	0.9000
Ecommerce	204	0.55	3	0.9872	0.9231	0.8780	0.9000
Ecommerce	204	0.60	3	0.9872	0.9459	0.8537	0.8974
Ecommerce	204	0.65	3	0.9888	0.9722	0.8537	0.9091
Ecommerce	204	0.70	3	0.9856	0.9706	0.8049	0.8800
Ecommerce	204	0.75	3	0.9856	1.0000	0.7805	0.8767
Ecommerce	204	0.80	3	0.9839	1.0000	0.7561	0.8611
Ecommerce	204	0.85	3	0.9823	1.0000	0.7317	0.8451
Ecommerce	204	0.90	3	0.9759	1.0000	0.6341	0.7761
Ecommerce	204	0.95	3	0.9599	1.0000	0.3902	0.5614
Ecommerce	204	1.00	3	0.9342	0.0000	0.0000	0.0000
Ecommerce	204	0.00	4	0.0643	0.0643	1.0000	0.1208
Ecommerce	204	0.05	4	0.2219	0.0763	1.0000	0.1418
Ecommerce	204	0.10	4	0.9180	0.4353	0.9250	0.5920
Ecommerce	204	0.15	4	0.9807	0.8043	0.9250	0.8605
Ecommerce	204	0.20	4	0.9936	0.9737	0.9250	0.9487
Ecommerce	204	0.25	4	0.9936	0.9737	0.9250	0.9487
Ecommerce	204	0.30	4	0.9936	0.9737	0.9250	0.9487
Ecommerce	204	0.35	4	0.9936	1.0000	0.9000	0.9474
Ecommerce	204	0.40	4	0.9904	1.0000	0.8500	0.9189
Ecommerce	204	0.45	4	0.9887	1.0000	0.8250	0.9041
Ecommerce	204	0.50	4	0.9887	1.0000	0.8250	0.9041
Ecommerce	204	0.55	4	0.9887	1.0000	0.8250	0.9041
Ecommerce	204	0.60	4	0.9855	1.0000	0.7750	0.8732
Ecommerce	204	0.65	4	0.9839	1.0000	0.7500	0.8571
Ecommerce	204	0.70	4	0.9807	1.0000	0.7000	0.8235
Ecommerce	204	0.75	4	0.9743	1.0000	0.6000	0.7500
Ecommerce	204	0.80	4	0.9711	1.0000	0.5500	0.7097
Ecommerce	204	0.85	4	0.9678	1.0000	0.5000	0.6667
Ecommerce	204	0.90	4	0.9614	1.0000	0.4000	0.5714
Ecommerce	204	0.95	4	0.9550	1.0000	0.3000	0.4615
Ecommerce	204	1.00	4	0.9357	0.0000	0.0000	0.0000
Artificial Intelligence	197	0.00	0	0.0641	0.0641	1.0000	0.1205
Artificial Intelligence	197	0.05	0	0.2452	0.0766	0.9750	0.1421
Artificial Intelligence	197	0.10	0	0.9263	0.4634	0.9500	0.6230
Artificial Intelligence	197	0.15	0	0.9712	0.7292	0.8750	0.7955
Artificial Intelligence	197	0.20	0	0.9840	0.8750	0.8750	0.8750
Artificial Intelligence	197	0.25	0	0.9872	0.9211	0.8750	0.8974
Artificial Intelligence	197	0.30	0	0.9888	0.9714	0.8500	0.9067
Artificial Intelligence	197	0.35	0	0.9904	1.0000	0.8500	0.9189
Artificial Intelligence	197	0.40	0	0.9904	1.0000	0.8500	0.9189
Artificial Intelligence	197	0.45	0	0.9904	1.0000	0.8500	0.9189
Artificial Intelligence	197	0.50	0	0.9888	1.0000	0.8250	0.9041
Artificial Intelligence	197	0.55	0	0.9856	1.0000	0.7750	0.8732
Artificial Intelligence	197	0.60	0	0.9856	1.0000	0.7750	0.8732
Artificial Intelligence	197	0.65	0	0.9824	1.0000	0.7250	0.8406
Artificial Intelligence	197	0.70	0	0.9808	1.0000	0.7000	0.8235
Artificial Intelligence	197	0.75	0	0.9808	1.0000	0.7000	0.8235
Artificial Intelligence	197	0.80	0	0.9776	1.0000	0.6500	0.7879
Artificial Intelligence	197	0.85	0	0.9696	1.0000	0.5250	0.6885
Artificial Intelligence	197	0.90	0	0.9679	1.0000	0.5000	0.6667
Artificial Intelligence	197	0.95	0	0.9583	1.0000	0.3500	0.5185
Artificial Intelligence	197	1.00	0	0.9359	0.0000	0.0000	0.0000
Artificial Intelligence	197	0.00	1	0.0641	0.0641	1.0000	0.1205
Artificial Intelligence	197	0.05	1	0.2019	0.0743	1.0000	0.1384
Artificial Intelligence	197	0.10	1	0.9183	0.4353	0.9250	0.5920
Artificial Intelligence	197	0.15	1	0.9663	0.6863	0.8750	0.7692
Artificial Intelligence	197	0.20	1	0.9792	0.8140	0.8750	0.8434
Artificial Intelligence	197	0.25	1	0.9840	0.8750	0.8750	0.8750
Artificial Intelligence	197	0.30	1	0.9840	0.8750	0.8750	0.8750
Artificial Intelligence	197	0.35	1	0.9872	0.9211	0.8750	0.8974
Artificial Intelligence	197	0.40	1	0.9888	0.9459	0.8750	0.9091
Artificial Intelligence	197	0.45	1	0.9888	0.9459	0.8750	0.9091
Artificial Intelligence	197	0.50	1	0.9856	0.9429	0.8250	0.8800
Artificial Intelligence	197	0.55	1	0.9840	0.9412	0.8000	0.8649
Artificial Intelligence	197	0.60	1	0.9840	0.9412	0.8000	0.8649
Artificial Intelligence	197	0.65	1	0.9808	0.9375	0.7500	0.8333
Artificial Intelligence	197	0.70	1	0.9776	0.9333	0.7000	0.8000
Artificial Intelligence	197	0.75	1	0.9744	0.9615	0.6250	0.7576
Artificial Intelligence	197	0.80	1	0.9728	0.9600	0.6000	0.7385
Artificial Intelligence	197	0.85	1	0.9679	0.9545	0.5250	0.6774
Artificial Intelligence	197	0.90	1	0.9663	0.9524	0.5000	0.6557
Artificial Intelligence	197	0.95	1	0.9551	0.9286	0.3250	0.4815
Artificial Intelligence	197	1.00	1	0.9359	0.0000	0.0000	0.0000
Artificial Intelligence	197	0.00	2	0.0627	0.0627	1.0000	0.1180
Artificial Intelligence	197	0.05	2	0.2090	0.0734	1.0000	0.1368
Artificial Intelligence	197	0.10	2	0.9244	0.4524	0.9744	0.6179
Artificial Intelligence	197	0.15	2	0.9711	0.6909	0.9744	0.8085
Artificial Intelligence	197	0.20	2	0.9887	0.8636	0.9744	0.9157
Artificial Intelligence	197	0.25	2	0.9855	0.8947	0.8718	0.8831
Artificial Intelligence	197	0.30	2	0.9839	0.9143	0.8205	0.8649
Artificial Intelligence	197	0.35	2	0.9823	0.9375	0.7692	0.8451
Artificial Intelligence	197	0.40	2	0.9823	0.9375	0.7692	0.8451
Artificial Intelligence	197	0.45	2	0.9839	0.9677	0.7692	0.8571
Artificial Intelligence	197	0.50	2	0.9807	0.9655	0.7179	0.8235
Artificial Intelligence	197	0.55	2	0.9791	0.9643	0.6923	0.8060
Artificial Intelligence	197	0.60	2	0.9791	0.9643	0.6923	0.8060
Artificial Intelligence	197	0.65	2	0.9775	0.9630	0.6667	0.7879
Artificial Intelligence	197	0.70	2	0.9727	0.9583	0.5897	0.7302
Artificial Intelligence	197	0.75	2	0.9678	0.9524	0.5128	0.6667
Artificial Intelligence	197	0.80	2	0.9662	0.9500	0.4872	0.6441
Artificial Intelligence	197	0.85	2	0.9630	0.9444	0.4359	0.5965
Artificial Intelligence	197	0.90	2	0.9614	0.9412	0.4103	0.5714
Artificial Intelligence	197	0.95	2	0.9486	1.0000	0.1795	0.3043
Artificial Intelligence	197	1.00	2	0.9373	0.0000	0.0000	0.0000
Artificial Intelligence	197	0.00	3	0.0627	0.0627	1.0000	0.1180
Artificial Intelligence	197	0.05	3	0.1897	0.0718	1.0000	0.1340
Artificial Intelligence	197	0.10	3	0.9341	0.4872	0.9744	0.6496
Artificial Intelligence	197	0.15	3	0.9807	0.7755	0.9744	0.8636
Artificial Intelligence	197	0.20	3	0.9904	0.9024	0.9487	0.9250
Artificial Intelligence	197	0.25	3	0.9936	0.9487	0.9487	0.9487
Artificial Intelligence	197	0.30	3	0.9952	0.9737	0.9487	0.9610
Artificial Intelligence	197	0.35	3	0.9936	0.9730	0.9231	0.9474
Artificial Intelligence	197	0.40	3	0.9920	0.9722	0.8974	0.9333
Artificial Intelligence	197	0.45	3	0.9920	0.9722	0.8974	0.9333
Artificial Intelligence	197	0.50	3	0.9904	0.9714	0.8718	0.9189
Artificial Intelligence	197	0.55	3	0.9887	0.9706	0.8462	0.9041
Artificial Intelligence	197	0.60	3	0.9871	1.0000	0.7949	0.8857
Artificial Intelligence	197	0.65	3	0.9823	1.0000	0.7179	0.8358
Artificial Intelligence	197	0.70	3	0.9791	1.0000	0.6667	0.8000
Artificial Intelligence	197	0.75	3	0.9775	1.0000	0.6410	0.7813
Artificial Intelligence	197	0.80	3	0.9759	1.0000	0.6154	0.7619
Artificial Intelligence	197	0.85	3	0.9711	1.0000	0.5385	0.7000
Artificial Intelligence	197	0.90	3	0.9678	1.0000	0.4872	0.6552
Artificial Intelligence	197	0.95	3	0.9566	1.0000	0.3077	0.4706
Artificial Intelligence	197	1.00	3	0.9373	0.0000	0.0000	0.0000
Artificial Intelligence	197	0.00	4	0.0627	0.0627	1.0000	0.1180
Artificial Intelligence	197	0.05	4	0.1801	0.0710	1.0000	0.1327
Artificial Intelligence	197	0.10	4	0.9212	0.4432	1.0000	0.6142
Artificial Intelligence	197	0.15	4	0.9646	0.6441	0.9744	0.7755
Artificial Intelligence	197	0.20	4	0.9887	0.8636	0.9744	0.9157
Artificial Intelligence	197	0.25	4	0.9904	0.9024	0.9487	0.9250
Artificial Intelligence	197	0.30	4	0.9904	0.9024	0.9487	0.9250
Artificial Intelligence	197	0.35	4	0.9936	0.9730	0.9231	0.9474
Artificial Intelligence	197	0.40	4	0.9936	0.9730	0.9231	0.9474
Artificial Intelligence	197	0.45	4	0.9936	0.9730	0.9231	0.9474
Artificial Intelligence	197	0.50	4	0.9920	0.9722	0.8974	0.9333
Artificial Intelligence	197	0.55	4	0.9855	0.9688	0.7949	0.8732
Artificial Intelligence	197	0.60	4	0.9839	0.9677	0.7692	0.8571
Artificial Intelligence	197	0.65	4	0.9823	0.9667	0.7436	0.8406
Artificial Intelligence	197	0.70	4	0.9807	1.0000	0.6923	0.8182
Artificial Intelligence	197	0.75	4	0.9791	1.0000	0.6667	0.8000
Artificial Intelligence	197	0.80	4	0.9775	1.0000	0.6410	0.7813
Artificial Intelligence	197	0.85	4	0.9727	1.0000	0.5641	0.7213
Artificial Intelligence	197	0.90	4	0.9727	1.0000	0.5641	0.7213
Artificial Intelligence	197	0.95	4	0.9678	1.0000	0.4872	0.6552
Artificial Intelligence	197	1.00	4	0.9373	0.0000	0.0000	0.0000
