LABEL	POS_CNT	THRESHOLD	FOLD	ACCURACY	PRECISION	RECALL	F1
BioTech	185	0.00	0	0.0594	0.0594	1.0000	0.1121
BioTech	185	0.05	0	0.1380	0.0645	1.0000	0.1211
BioTech	185	0.10	0	0.8587	0.2927	0.9730	0.4500
BioTech	185	0.15	0	0.9631	0.6296	0.9189	0.7473
BioTech	185	0.20	0	0.9743	0.7234	0.9189	0.8095
BioTech	185	0.25	0	0.9791	0.7727	0.9189	0.8395
BioTech	185	0.30	0	0.9791	0.7727	0.9189	0.8395
BioTech	185	0.35	0	0.9775	0.7674	0.8919	0.8250
BioTech	185	0.40	0	0.9759	0.7619	0.8649	0.8101
BioTech	185	0.45	0	0.9727	0.7778	0.7568	0.7671
BioTech	185	0.50	0	0.9679	0.7576	0.6757	0.7143
BioTech	185	0.55	0	0.9679	0.7931	0.6216	0.6970
BioTech	185	0.60	0	0.9647	0.7778	0.5676	0.6562
BioTech	185	0.65	0	0.9631	0.7692	0.5405	0.6349
BioTech	185	0.70	0	0.9599	0.7727	0.4595	0.5763
BioTech	185	0.75	0	0.9518	0.7059	0.3243	0.4444
BioTech	185	0.80	0	0.9502	0.7143	0.2703	0.3922
BioTech	185	0.85	0	0.9454	0.6364	0.1892	0.2917
BioTech	185	0.90	0	0.9438	0.6000	0.1622	0.2553
BioTech	185	0.95	0	0.9438	0.6667	0.1081	0.1860
BioTech	185	1.00	0	0.9406	0.0000	0.0000	0.0000
BioTech	185	0.00	1	0.0594	0.0594	1.0000	0.1121
BioTech	185	0.05	1	0.1525	0.0655	1.0000	0.1229
BioTech	185	0.10	1	0.8315	0.2606	1.0000	0.4134
BioTech	185	0.15	1	0.9262	0.4444	0.9730	0.6102
BioTech	185	0.20	1	0.9679	0.6604	0.9459	0.7778
BioTech	185	0.25	1	0.9839	0.8140	0.9459	0.8750
BioTech	185	0.30	1	0.9856	0.8889	0.8649	0.8767
BioTech	185	0.35	1	0.9839	0.9091	0.8108	0.8571
BioTech	185	0.40	1	0.9856	0.9667	0.7838	0.8657
BioTech	185	0.45	1	0.9856	1.0000	0.7568	0.8615
BioTech	185	0.50	1	0.9839	1.0000	0.7297	0.8437
BioTech	185	0.55	1	0.9823	1.0000	0.7027	0.8254
BioTech	185	0.60	1	0.9807	1.0000	0.6757	0.8065
BioTech	185	0.65	1	0.9807	1.0000	0.6757	0.8065
BioTech	185	0.70	1	0.9727	1.0000	0.5405	0.7018
BioTech	185	0.75	1	0.9695	1.0000	0.4865	0.6545
BioTech	185	0.80	1	0.9631	1.0000	0.3784	0.5490
BioTech	185	0.85	1	0.9567	1.0000	0.2703	0.4255
BioTech	185	0.90	1	0.9551	1.0000	0.2432	0.3913
BioTech	185	0.95	1	0.9486	1.0000	0.1351	0.2381
BioTech	185	1.00	1	0.9406	0.0000	0.0000	0.0000
BioTech	185	0.00	2	0.0594	0.0594	1.0000	0.1121
BioTech	185	0.05	2	0.1685	0.0667	1.0000	0.1250
BioTech	185	0.10	2	0.8154	0.2434	1.0000	0.3915
BioTech	185	0.15	2	0.9326	0.4658	0.9189	0.6182
BioTech	185	0.20	2	0.9679	0.6735	0.8919	0.7674
BioTech	185	0.25	2	0.9759	0.7895	0.8108	0.8000
BioTech	185	0.30	2	0.9823	0.9062	0.7838	0.8406
BioTech	185	0.35	2	0.9839	0.9355	0.7838	0.8529
BioTech	185	0.40	2	0.9823	0.9333	0.7568	0.8358
BioTech	185	0.45	2	0.9791	0.9286	0.7027	0.8000
BioTech	185	0.50	2	0.9743	0.9200	0.6216	0.7419
BioTech	185	0.55	2	0.9743	0.9565	0.5946	0.7333
BioTech	185	0.60	2	0.9695	0.9500	0.5135	0.6667
BioTech	185	0.65	2	0.9679	0.9474	0.4865	0.6429
BioTech	185	0.70	2	0.9647	0.9412	0.4324	0.5926
BioTech	185	0.75	2	0.9663	1.0000	0.4324	0.6038
BioTech	185	0.80	2	0.9631	1.0000	0.3784	0.5490
BioTech	185	0.85	2	0.9583	1.0000	0.2973	0.4583
BioTech	185	0.90	2	0.9567	1.0000	0.2703	0.4255
BioTech	185	0.95	2	0.9486	1.0000	0.1351	0.2381
BioTech	185	1.00	2	0.9406	0.0000	0.0000	0.0000
BioTech	185	0.00	3	0.0594	0.0594	1.0000	0.1121
BioTech	185	0.05	3	0.1396	0.0646	1.0000	0.1213
BioTech	185	0.10	3	0.7929	0.2160	0.9459	0.3518
BioTech	185	0.15	3	0.9583	0.6170	0.7838	0.6905
BioTech	185	0.20	3	0.9695	0.7500	0.7297	0.7397
BioTech	185	0.25	3	0.9743	0.8182	0.7297	0.7714
BioTech	185	0.30	3	0.9727	0.8333	0.6757	0.7463
BioTech	185	0.35	3	0.9727	0.8333	0.6757	0.7463
BioTech	185	0.40	3	0.9663	0.8077	0.5676	0.6667
BioTech	185	0.45	3	0.9615	0.7826	0.4865	0.6000
BioTech	185	0.50	3	0.9599	0.8000	0.4324	0.5614
BioTech	185	0.55	3	0.9567	0.8125	0.3514	0.4906
BioTech	185	0.60	3	0.9551	0.8000	0.3243	0.4615
BioTech	185	0.65	3	0.9518	0.7692	0.2703	0.4000
BioTech	185	0.70	3	0.9551	0.9091	0.2703	0.4167
BioTech	185	0.75	3	0.9551	0.9091	0.2703	0.4167
BioTech	185	0.80	3	0.9535	0.9000	0.2432	0.3830
BioTech	185	0.85	3	0.9518	0.8889	0.2162	0.3478
BioTech	185	0.90	3	0.9470	0.8333	0.1351	0.2326
BioTech	185	0.95	3	0.9454	0.8000	0.1081	0.1905
BioTech	185	1.00	3	0.9406	0.0000	0.0000	0.0000
BioTech	185	0.00	4	0.0595	0.0595	1.0000	0.1123
BioTech	185	0.05	4	0.1399	0.0647	1.0000	0.1215
BioTech	185	0.10	4	0.7653	0.2022	1.0000	0.3364
BioTech	185	0.15	4	0.9068	0.3895	1.0000	0.5606
BioTech	185	0.20	4	0.9373	0.4865	0.9730	0.6486
BioTech	185	0.25	4	0.9534	0.5645	0.9459	0.7071
BioTech	185	0.30	4	0.9695	0.6800	0.9189	0.7816
BioTech	185	0.35	4	0.9743	0.7333	0.8919	0.8049
BioTech	185	0.40	4	0.9759	0.7750	0.8378	0.8052
BioTech	185	0.45	4	0.9775	0.7949	0.8378	0.8158
BioTech	185	0.50	4	0.9791	0.8333	0.8108	0.8219
BioTech	185	0.55	4	0.9807	0.8788	0.7838	0.8286
BioTech	185	0.60	4	0.9791	0.9000	0.7297	0.8060
BioTech	185	0.65	4	0.9775	0.9259	0.6757	0.7813
BioTech	185	0.70	4	0.9727	0.9545	0.5676	0.7119
BioTech	185	0.75	4	0.9727	0.9545	0.5676	0.7119
BioTech	185	0.80	4	0.9662	0.9444	0.4595	0.6182
BioTech	185	0.85	4	0.9630	1.0000	0.3784	0.5490
BioTech	185	0.90	4	0.9582	1.0000	0.2973	0.4583
BioTech	185	0.95	4	0.9550	1.0000	0.2432	0.3913
BioTech	185	1.00	4	0.9405	0.0000	0.0000	0.0000
Smartphones	198	0.00	0	0.0641	0.0641	1.0000	0.1205
Smartphones	198	0.05	0	0.0801	0.0651	1.0000	0.1223
Smartphones	198	0.10	0	0.4567	0.1055	1.0000	0.1909
Smartphones	198	0.15	0	0.8734	0.3333	0.9750	0.4968
Smartphones	198	0.20	0	0.9135	0.4186	0.9000	0.5714
Smartphones	198	0.25	0	0.9375	0.5072	0.8750	0.6422
Smartphones	198	0.30	0	0.9519	0.5862	0.8500	0.6939
Smartphones	198	0.35	0	0.9583	0.6296	0.8500	0.7234
Smartphones	198	0.40	0	0.9615	0.6538	0.8500	0.7391
Smartphones	198	0.45	0	0.9631	0.6735	0.8250	0.7416
Smartphones	198	0.50	0	0.9663	0.7111	0.8000	0.7529
Smartphones	198	0.55	0	0.9679	0.7500	0.7500	0.7500
Smartphones	198	0.60	0	0.9663	0.7436	0.7250	0.7342
Smartphones	198	0.65	0	0.9679	0.7632	0.7250	0.7436
Smartphones	198	0.70	0	0.9679	0.7778	0.7000	0.7368
Smartphones	198	0.75	0	0.9631	0.7742	0.6000	0.6761
Smartphones	198	0.80	0	0.9567	0.7826	0.4500	0.5714
Smartphones	198	0.85	0	0.9535	0.7619	0.4000	0.5246
Smartphones	198	0.90	0	0.9519	0.8571	0.3000	0.4444
Smartphones	198	0.95	0	0.9471	0.8889	0.2000	0.3265
Smartphones	198	1.00	0	0.9359	0.0000	0.0000	0.0000
Smartphones	198	0.00	1	0.0642	0.0642	1.0000	0.1207
Smartphones	198	0.05	1	0.0883	0.0658	1.0000	0.1235
Smartphones	198	0.10	1	0.5730	0.1307	1.0000	0.2312
Smartphones	198	0.15	1	0.8587	0.3033	0.9250	0.4568
Smartphones	198	0.20	1	0.8973	0.3696	0.8500	0.5152
Smartphones	198	0.25	1	0.9149	0.4198	0.8500	0.5620
Smartphones	198	0.30	1	0.9181	0.4247	0.7750	0.5487
Smartphones	198	0.35	1	0.9246	0.4407	0.6500	0.5253
Smartphones	198	0.40	1	0.9374	0.5098	0.6500	0.5714
Smartphones	198	0.45	1	0.9438	0.5532	0.6500	0.5977
Smartphones	198	0.50	1	0.9470	0.5814	0.6250	0.6024
Smartphones	198	0.55	1	0.9390	0.5263	0.5000	0.5128
Smartphones	198	0.60	1	0.9406	0.5484	0.4250	0.4789
Smartphones	198	0.65	1	0.9390	0.5385	0.3500	0.4242
Smartphones	198	0.70	1	0.9358	0.5000	0.2500	0.3333
Smartphones	198	0.75	1	0.9374	0.5294	0.2250	0.3158
Smartphones	198	0.80	1	0.9374	0.5333	0.2000	0.2909
Smartphones	198	0.85	1	0.9390	0.5833	0.1750	0.2692
Smartphones	198	0.90	1	0.9342	0.4444	0.1000	0.1633
Smartphones	198	0.95	1	0.9358	0.5000	0.0500	0.0909
Smartphones	198	1.00	1	0.9358	0.0000	0.0000	0.0000
Smartphones	198	0.00	2	0.0642	0.0642	1.0000	0.1207
Smartphones	198	0.05	2	0.0770	0.0650	1.0000	0.1221
Smartphones	198	0.10	2	0.4222	0.1000	1.0000	0.1818
Smartphones	198	0.15	2	0.8587	0.3095	0.9750	0.4699
Smartphones	198	0.20	2	0.9101	0.4091	0.9000	0.5625
Smartphones	198	0.25	2	0.9278	0.4638	0.8000	0.5872
Smartphones	198	0.30	2	0.9502	0.5818	0.8000	0.6737
Smartphones	198	0.35	2	0.9551	0.6200	0.7750	0.6889
Smartphones	198	0.40	2	0.9567	0.6512	0.7000	0.6747
Smartphones	198	0.45	2	0.9631	0.7179	0.7000	0.7089
Smartphones	198	0.50	2	0.9663	0.7879	0.6500	0.7123
Smartphones	198	0.55	2	0.9679	0.8125	0.6500	0.7222
Smartphones	198	0.60	2	0.9695	0.8621	0.6250	0.7246
Smartphones	198	0.65	2	0.9695	0.9200	0.5750	0.7077
Smartphones	198	0.70	2	0.9679	0.9545	0.5250	0.6774
Smartphones	198	0.75	2	0.9679	1.0000	0.5000	0.6667
Smartphones	198	0.80	2	0.9663	1.0000	0.4750	0.6441
Smartphones	198	0.85	2	0.9615	1.0000	0.4000	0.5714
Smartphones	198	0.90	2	0.9551	1.0000	0.3000	0.4615
Smartphones	198	0.95	2	0.9486	1.0000	0.2000	0.3333
Smartphones	198	1.00	2	0.9358	0.0000	0.0000	0.0000
Smartphones	198	0.00	3	0.0627	0.0627	1.0000	0.1180
Smartphones	198	0.05	3	0.0949	0.0648	1.0000	0.1217
Smartphones	198	0.10	3	0.5675	0.1217	0.9487	0.2157
Smartphones	198	0.15	3	0.8650	0.3077	0.9231	0.4615
Smartphones	198	0.20	3	0.9003	0.3763	0.8974	0.5303
Smartphones	198	0.25	3	0.9341	0.4853	0.8462	0.6168
Smartphones	198	0.30	3	0.9598	0.6400	0.8205	0.7191
Smartphones	198	0.35	3	0.9711	0.7692	0.7692	0.7692
Smartphones	198	0.40	3	0.9743	0.8286	0.7436	0.7838
Smartphones	198	0.45	3	0.9678	0.8065	0.6410	0.7143
Smartphones	198	0.50	3	0.9695	0.8571	0.6154	0.7164
Smartphones	198	0.55	3	0.9695	0.9167	0.5641	0.6984
Smartphones	198	0.60	3	0.9662	0.9091	0.5128	0.6557
Smartphones	198	0.65	3	0.9662	0.9091	0.5128	0.6557
Smartphones	198	0.70	3	0.9630	0.9000	0.4615	0.6102
Smartphones	198	0.75	3	0.9582	0.9333	0.3590	0.5185
Smartphones	198	0.80	3	0.9566	1.0000	0.3077	0.4706
Smartphones	198	0.85	3	0.9518	1.0000	0.2308	0.3750
Smartphones	198	0.90	3	0.9469	1.0000	0.1538	0.2667
Smartphones	198	0.95	3	0.9453	1.0000	0.1282	0.2273
Smartphones	198	1.00	3	0.9373	0.0000	0.0000	0.0000
Smartphones	198	0.00	4	0.0627	0.0627	1.0000	0.1180
Smartphones	198	0.05	4	0.1013	0.0652	1.0000	0.1224
Smartphones	198	0.10	4	0.7621	0.1921	0.8718	0.3148
Smartphones	198	0.15	4	0.9116	0.3667	0.5641	0.4444
Smartphones	198	0.20	4	0.9309	0.4474	0.4359	0.4416
Smartphones	198	0.25	4	0.9437	0.5714	0.4103	0.4776
Smartphones	198	0.30	4	0.9518	0.6957	0.4103	0.5161
Smartphones	198	0.35	4	0.9502	0.7000	0.3590	0.4746
Smartphones	198	0.40	4	0.9486	0.6842	0.3333	0.4483
Smartphones	198	0.45	4	0.9486	0.7059	0.3077	0.4286
Smartphones	198	0.50	4	0.9486	0.7059	0.3077	0.4286
Smartphones	198	0.55	4	0.9486	0.7692	0.2564	0.3846
Smartphones	198	0.60	4	0.9453	0.7778	0.1795	0.2917
Smartphones	198	0.65	4	0.9469	0.8750	0.1795	0.2979
Smartphones	198	0.70	4	0.9486	1.0000	0.1795	0.3043
Smartphones	198	0.75	4	0.9453	1.0000	0.1282	0.2273
Smartphones	198	0.80	4	0.9453	1.0000	0.1282	0.2273
Smartphones	198	0.85	4	0.9453	1.0000	0.1282	0.2273
Smartphones	198	0.90	4	0.9453	1.0000	0.1282	0.2273
Smartphones	198	0.95	4	0.9437	1.0000	0.1026	0.1860
Smartphones	198	1.00	4	0.9373	0.0000	0.0000	0.0000
Internet of Things	102	0.00	0	0.0337	0.0337	1.0000	0.0651
Internet of Things	102	0.05	0	0.6506	0.0879	1.0000	0.1615
Internet of Things	102	0.10	0	0.9583	0.4468	1.0000	0.6176
Internet of Things	102	0.15	0	0.9776	0.6061	0.9524	0.7407
Internet of Things	102	0.20	0	0.9840	0.6897	0.9524	0.8000
Internet of Things	102	0.25	0	0.9888	0.7692	0.9524	0.8511
Internet of Things	102	0.30	0	0.9904	0.8000	0.9524	0.8696
Internet of Things	102	0.35	0	0.9920	0.8333	0.9524	0.8889
Internet of Things	102	0.40	0	0.9952	0.9091	0.9524	0.9302
Internet of Things	102	0.45	0	0.9920	0.9000	0.8571	0.8780
Internet of Things	102	0.50	0	0.9920	0.9000	0.8571	0.8780
Internet of Things	102	0.55	0	0.9920	0.9000	0.8571	0.8780
Internet of Things	102	0.60	0	0.9920	0.9000	0.8571	0.8780
Internet of Things	102	0.65	0	0.9936	0.9474	0.8571	0.9000
Internet of Things	102	0.70	0	0.9904	0.9412	0.7619	0.8421
Internet of Things	102	0.75	0	0.9904	0.9412	0.7619	0.8421
Internet of Things	102	0.80	0	0.9888	0.9375	0.7143	0.8108
Internet of Things	102	0.85	0	0.9888	0.9375	0.7143	0.8108
Internet of Things	102	0.90	0	0.9840	0.9231	0.5714	0.7059
Internet of Things	102	0.95	0	0.9808	1.0000	0.4286	0.6000
Internet of Things	102	1.00	0	0.9663	0.0000	0.0000	0.0000
Internet of Things	102	0.00	1	0.0337	0.0337	1.0000	0.0651
Internet of Things	102	0.05	1	0.7324	0.1033	0.9048	0.1854
Internet of Things	102	0.10	1	0.9311	0.3036	0.8095	0.4416
Internet of Things	102	0.15	1	0.9567	0.4250	0.8095	0.5574
Internet of Things	102	0.20	1	0.9663	0.5000	0.8095	0.6182
Internet of Things	102	0.25	1	0.9728	0.5667	0.8095	0.6667
Internet of Things	102	0.30	1	0.9760	0.6071	0.8095	0.6939
Internet of Things	102	0.35	1	0.9776	0.6296	0.8095	0.7083
Internet of Things	102	0.40	1	0.9808	0.6800	0.8095	0.7391
Internet of Things	102	0.45	1	0.9872	0.8095	0.8095	0.8095
Internet of Things	102	0.50	1	0.9904	0.8947	0.8095	0.8500
Internet of Things	102	0.55	1	0.9904	0.8947	0.8095	0.8500
Internet of Things	102	0.60	1	0.9920	0.9444	0.8095	0.8718
Internet of Things	102	0.65	1	0.9904	0.9412	0.7619	0.8421
Internet of Things	102	0.70	1	0.9904	0.9412	0.7619	0.8421
Internet of Things	102	0.75	1	0.9888	0.9375	0.7143	0.8108
Internet of Things	102	0.80	1	0.9840	0.9231	0.5714	0.7059
Internet of Things	102	0.85	1	0.9808	0.9091	0.4762	0.6250
Internet of Things	102	0.90	1	0.9760	0.8750	0.3333	0.4828
Internet of Things	102	0.95	1	0.9776	1.0000	0.3333	0.5000
Internet of Things	102	1.00	1	0.9663	0.0000	0.0000	0.0000
Internet of Things	102	0.00	2	0.0322	0.0322	1.0000	0.0623
Internet of Things	102	0.05	2	0.6961	0.0878	0.9000	0.1600
Internet of Things	102	0.10	2	0.9614	0.4474	0.8500	0.5862
Internet of Things	102	0.15	2	0.9775	0.6071	0.8500	0.7083
Internet of Things	102	0.20	2	0.9823	0.6800	0.8500	0.7556
Internet of Things	102	0.25	2	0.9887	0.8421	0.8000	0.8205
Internet of Things	102	0.30	2	0.9887	0.8421	0.8000	0.8205
Internet of Things	102	0.35	2	0.9904	0.8889	0.8000	0.8421
Internet of Things	102	0.40	2	0.9904	0.8889	0.8000	0.8421
Internet of Things	102	0.45	2	0.9920	0.9412	0.8000	0.8649
Internet of Things	102	0.50	2	0.9920	0.9412	0.8000	0.8649
Internet of Things	102	0.55	2	0.9920	0.9412	0.8000	0.8649
Internet of Things	102	0.60	2	0.9920	0.9412	0.8000	0.8649
Internet of Things	102	0.65	2	0.9920	0.9412	0.8000	0.8649
Internet of Things	102	0.70	2	0.9904	0.9375	0.7500	0.8333
Internet of Things	102	0.75	2	0.9871	0.9286	0.6500	0.7647
Internet of Things	102	0.80	2	0.9839	0.9167	0.5500	0.6875
Internet of Things	102	0.85	2	0.9823	0.9091	0.5000	0.6452
Internet of Things	102	0.90	2	0.9791	0.8889	0.4000	0.5517
Internet of Things	102	0.95	2	0.9743	0.8333	0.2500	0.3846
Internet of Things	102	1.00	2	0.9678	0.0000	0.0000	0.0000
Internet of Things	102	0.00	3	0.0322	0.0322	1.0000	0.0623
Internet of Things	102	0.05	3	0.6431	0.0826	1.0000	0.1527
Internet of Things	102	0.10	3	0.9389	0.3448	1.0000	0.5128
Internet of Things	102	0.15	3	0.9662	0.4878	1.0000	0.6557
Internet of Things	102	0.20	3	0.9727	0.5405	1.0000	0.7018
Internet of Things	102	0.25	3	0.9807	0.6250	1.0000	0.7692
Internet of Things	102	0.30	3	0.9855	0.6897	1.0000	0.8163
Internet of Things	102	0.35	3	0.9855	0.7037	0.9500	0.8085
Internet of Things	102	0.40	3	0.9871	0.7308	0.9500	0.8261
Internet of Things	102	0.45	3	0.9920	0.8261	0.9500	0.8837
Internet of Things	102	0.50	3	0.9920	0.8571	0.9000	0.8780
Internet of Things	102	0.55	3	0.9920	0.8571	0.9000	0.8780
Internet of Things	102	0.60	3	0.9920	0.8947	0.8500	0.8718
Internet of Things	102	0.65	3	0.9920	0.9412	0.8000	0.8649
Internet of Things	102	0.70	3	0.9920	0.9412	0.8000	0.8649
Internet of Things	102	0.75	3	0.9904	0.9375	0.7500	0.8333
Internet of Things	102	0.80	3	0.9904	1.0000	0.7000	0.8235
Internet of Things	102	0.85	3	0.9871	1.0000	0.6000	0.7500
Internet of Things	102	0.90	3	0.9823	1.0000	0.4500	0.6207
Internet of Things	102	0.95	3	0.9759	1.0000	0.2500	0.4000
Internet of Things	102	1.00	3	0.9678	0.0000	0.0000	0.0000
Internet of Things	102	0.00	4	0.0322	0.0322	1.0000	0.0623
Internet of Things	102	0.05	4	0.8859	0.2000	0.8500	0.3238
Internet of Things	102	0.10	4	0.9775	0.6154	0.8000	0.6957
Internet of Things	102	0.15	4	0.9839	0.7500	0.7500	0.7500
Internet of Things	102	0.20	4	0.9855	0.8235	0.7000	0.7568
Internet of Things	102	0.25	4	0.9855	0.8235	0.7000	0.7568
Internet of Things	102	0.30	4	0.9855	0.8235	0.7000	0.7568
Internet of Things	102	0.35	4	0.9839	0.8125	0.6500	0.7222
Internet of Things	102	0.40	4	0.9839	0.8125	0.6500	0.7222
Internet of Things	102	0.45	4	0.9839	0.8125	0.6500	0.7222
Internet of Things	102	0.50	4	0.9839	0.8125	0.6500	0.7222
Internet of Things	102	0.55	4	0.9855	0.8667	0.6500	0.7429
Internet of Things	102	0.60	4	0.9839	0.9167	0.5500	0.6875
Internet of Things	102	0.65	4	0.9839	0.9167	0.5500	0.6875
Internet of Things	102	0.70	4	0.9807	0.9000	0.4500	0.6000
Internet of Things	102	0.75	4	0.9775	0.8750	0.3500	0.5000
Internet of Things	102	0.80	4	0.9775	0.8750	0.3500	0.5000
Internet of Things	102	0.85	4	0.9759	0.8571	0.3000	0.4444
Internet of Things	102	0.90	4	0.9743	0.8333	0.2500	0.3846
Internet of Things	102	0.95	4	0.9727	1.0000	0.1500	0.2609
Internet of Things	102	1.00	4	0.9678	0.0000	0.0000	0.0000
Social Networks	464	0.00	0	0.1493	0.1493	1.0000	0.2598
Social Networks	464	0.05	0	0.2006	0.1574	1.0000	0.2719
Social Networks	464	0.10	0	0.4478	0.2115	0.9892	0.3485
Social Networks	464	0.15	0	0.7111	0.3371	0.9677	0.5000
Social Networks	464	0.20	0	0.9069	0.6296	0.9140	0.7456
Social Networks	464	0.25	0	0.9454	0.7810	0.8817	0.8283
Social Networks	464	0.30	0	0.9615	0.8791	0.8602	0.8696
Social Networks	464	0.35	0	0.9647	0.9176	0.8387	0.8764
Social Networks	464	0.40	0	0.9631	0.9167	0.8280	0.8701
Social Networks	464	0.45	0	0.9518	0.9091	0.7527	0.8235
Social Networks	464	0.50	0	0.9518	0.9091	0.7527	0.8235
Social Networks	464	0.55	0	0.9422	0.9130	0.6774	0.7778
Social Networks	464	0.60	0	0.9358	0.9206	0.6237	0.7436
Social Networks	464	0.65	0	0.9278	0.9615	0.5376	0.6897
Social Networks	464	0.70	0	0.9246	0.9792	0.5054	0.6667
Social Networks	464	0.75	0	0.9181	0.9773	0.4624	0.6277
Social Networks	464	0.80	0	0.9053	0.9722	0.3763	0.5426
Social Networks	464	0.85	0	0.8925	1.0000	0.2796	0.4370
Social Networks	464	0.90	0	0.8812	1.0000	0.2043	0.3393
Social Networks	464	0.95	0	0.8652	1.0000	0.0968	0.1765
Social Networks	464	1.00	0	0.8507	0.0000	0.0000	0.0000
Social Networks	464	0.00	1	0.1493	0.1493	1.0000	0.2598
Social Networks	464	0.05	1	0.2119	0.1592	1.0000	0.2747
Social Networks	464	0.10	1	0.4687	0.2193	1.0000	0.3598
Social Networks	464	0.15	1	0.7271	0.3536	1.0000	0.5225
Social Networks	464	0.20	1	0.9005	0.6000	1.0000	0.7500
Social Networks	464	0.25	1	0.9551	0.7686	1.0000	0.8692
Social Networks	464	0.30	1	0.9647	0.8087	1.0000	0.8942
Social Networks	464	0.35	1	0.9695	0.8491	0.9677	0.9045
Social Networks	464	0.40	1	0.9695	0.8776	0.9247	0.9005
Social Networks	464	0.45	1	0.9711	0.9121	0.8925	0.9022
Social Networks	464	0.50	1	0.9663	0.9091	0.8602	0.8840
Social Networks	464	0.55	1	0.9567	0.9125	0.7849	0.8439
Social Networks	464	0.60	1	0.9535	0.9571	0.7204	0.8221
Social Networks	464	0.65	1	0.9438	0.9677	0.6452	0.7742
Social Networks	464	0.70	1	0.9294	0.9623	0.5484	0.6986
Social Networks	464	0.75	1	0.9230	0.9787	0.4946	0.6571
Social Networks	464	0.80	1	0.9133	1.0000	0.4194	0.5909
Social Networks	464	0.85	1	0.9037	1.0000	0.3548	0.5238
Social Networks	464	0.90	1	0.8941	1.0000	0.2903	0.4500
Social Networks	464	0.95	1	0.8732	1.0000	0.1505	0.2617
Social Networks	464	1.00	1	0.8507	0.0000	0.0000	0.0000
Social Networks	464	0.00	2	0.1493	0.1493	1.0000	0.2598
Social Networks	464	0.05	2	0.2071	0.1584	1.0000	0.2735
Social Networks	464	0.10	2	0.3917	0.1970	1.0000	0.3292
Social Networks	464	0.15	2	0.6340	0.2884	0.9892	0.4466
Social Networks	464	0.20	2	0.8957	0.5897	0.9892	0.7390
Social Networks	464	0.25	2	0.9535	0.7857	0.9462	0.8585
Social Networks	464	0.30	2	0.9615	0.8350	0.9247	0.8776
Social Networks	464	0.35	2	0.9695	0.8854	0.9140	0.8995
Social Networks	464	0.40	2	0.9647	0.9080	0.8495	0.8778
Social Networks	464	0.45	2	0.9647	0.9494	0.8065	0.8721
Social Networks	464	0.50	2	0.9647	0.9610	0.7957	0.8706
Social Networks	464	0.55	2	0.9631	0.9605	0.7849	0.8639
Social Networks	464	0.60	2	0.9551	0.9851	0.7097	0.8250
Social Networks	464	0.65	2	0.9454	0.9836	0.6452	0.7792
Social Networks	464	0.70	2	0.9294	0.9804	0.5376	0.6944
Social Networks	464	0.75	2	0.9197	0.9778	0.4731	0.6377
Social Networks	464	0.80	2	0.9149	1.0000	0.4301	0.6015
Social Networks	464	0.85	2	0.9069	1.0000	0.3763	0.5469
Social Networks	464	0.90	2	0.8957	1.0000	0.3011	0.4628
Social Networks	464	0.95	2	0.8716	1.0000	0.1398	0.2453
Social Networks	464	1.00	2	0.8507	0.0000	0.0000	0.0000
Social Networks	464	0.00	3	0.1493	0.1493	1.0000	0.2598
Social Networks	464	0.05	3	0.2263	0.1617	1.0000	0.2784
Social Networks	464	0.10	3	0.4173	0.2039	1.0000	0.3388
Social Networks	464	0.15	3	0.6565	0.3016	0.9892	0.4623
Social Networks	464	0.20	3	0.8684	0.5329	0.9570	0.6846
Social Networks	464	0.25	3	0.9374	0.7328	0.9140	0.8134
Social Networks	464	0.30	3	0.9502	0.8039	0.8817	0.8410
Social Networks	464	0.35	3	0.9583	0.8526	0.8710	0.8617
Social Networks	464	0.40	3	0.9599	0.8953	0.8280	0.8603
Social Networks	464	0.45	3	0.9599	0.9146	0.8065	0.8571
Social Networks	464	0.50	3	0.9599	0.9359	0.7849	0.8538
Social Networks	464	0.55	3	0.9583	0.9351	0.7742	0.8471
Social Networks	464	0.60	3	0.9470	0.9412	0.6882	0.7950
Social Networks	464	0.65	3	0.9454	0.9538	0.6667	0.7848
Social Networks	464	0.70	3	0.9390	0.9508	0.6237	0.7532
Social Networks	464	0.75	3	0.9278	0.9444	0.5484	0.6939
Social Networks	464	0.80	3	0.9213	0.9583	0.4946	0.6525
Social Networks	464	0.85	3	0.9037	0.9714	0.3656	0.5312
Social Networks	464	0.90	3	0.8844	0.9565	0.2366	0.3793
Social Networks	464	0.95	3	0.8620	0.8889	0.0860	0.1569
Social Networks	464	1.00	3	0.8507	0.0000	0.0000	0.0000
Social Networks	464	0.00	4	0.1479	0.1479	1.0000	0.2577
Social Networks	464	0.05	4	0.2026	0.1565	1.0000	0.2706
Social Networks	464	0.10	4	0.4212	0.2035	1.0000	0.3382
Social Networks	464	0.15	4	0.6527	0.2987	1.0000	0.4600
Social Networks	464	0.20	4	0.8682	0.5294	0.9783	0.6870
Social Networks	464	0.25	4	0.9389	0.7288	0.9348	0.8190
Social Networks	464	0.30	4	0.9421	0.7456	0.9239	0.8252
Social Networks	464	0.35	4	0.9421	0.7593	0.8913	0.8200
Social Networks	464	0.40	4	0.9469	0.7921	0.8696	0.8290
Social Networks	464	0.45	4	0.9502	0.8211	0.8478	0.8342
Social Networks	464	0.50	4	0.9437	0.8132	0.8043	0.8087
Social Networks	464	0.55	4	0.9453	0.8372	0.7826	0.8090
Social Networks	464	0.60	4	0.9437	0.8519	0.7500	0.7977
Social Networks	464	0.65	4	0.9405	0.8667	0.7065	0.7784
Social Networks	464	0.70	4	0.9357	0.8824	0.6522	0.7500
Social Networks	464	0.75	4	0.9277	0.8983	0.5761	0.7020
Social Networks	464	0.80	4	0.9260	0.9259	0.5435	0.6849
Social Networks	464	0.85	4	0.9180	0.9556	0.4674	0.6277
Social Networks	464	0.90	4	0.8987	0.9677	0.3261	0.4878
Social Networks	464	0.95	4	0.8810	0.9500	0.2065	0.3393
Social Networks	464	1.00	4	0.8521	0.0000	0.0000	0.0000
Battery	63	0.00	0	0.0208	0.0208	1.0000	0.0408
Battery	63	0.05	0	0.9199	0.2063	1.0000	0.3421
Battery	63	0.10	0	0.9792	0.5000	1.0000	0.6667
Battery	63	0.15	0	0.9792	0.5000	0.8462	0.6286
Battery	63	0.20	0	0.9824	0.5500	0.8462	0.6667
Battery	63	0.25	0	0.9840	0.5789	0.8462	0.6875
Battery	63	0.30	0	0.9824	0.5556	0.7692	0.6452
Battery	63	0.35	0	0.9824	0.5556	0.7692	0.6452
Battery	63	0.40	0	0.9824	0.5556	0.7692	0.6452
Battery	63	0.45	0	0.9840	0.5882	0.7692	0.6667
Battery	63	0.50	0	0.9856	0.6250	0.7692	0.6897
Battery	63	0.55	0	0.9872	0.6667	0.7692	0.7143
Battery	63	0.60	0	0.9840	0.6154	0.6154	0.6154
Battery	63	0.65	0	0.9856	0.6667	0.6154	0.6400
Battery	63	0.70	0	0.9840	0.6364	0.5385	0.5833
Battery	63	0.75	0	0.9840	0.6667	0.4615	0.5455
Battery	63	0.80	0	0.9808	0.5714	0.3077	0.4000
Battery	63	0.85	0	0.9808	0.6000	0.2308	0.3333
Battery	63	0.90	0	0.9792	0.5000	0.1538	0.2353
Battery	63	0.95	0	0.9776	0.0000	0.0000	0.0000
Battery	63	1.00	0	0.9792	0.0000	0.0000	0.0000
Battery	63	0.00	1	0.0209	0.0209	1.0000	0.0409
Battery	63	0.05	1	0.9037	0.1781	1.0000	0.3023
Battery	63	0.10	1	0.9791	0.5000	1.0000	0.6667
Battery	63	0.15	1	0.9872	0.6190	1.0000	0.7647
Battery	63	0.20	1	0.9872	0.6190	1.0000	0.7647
Battery	63	0.25	1	0.9872	0.6190	1.0000	0.7647
Battery	63	0.30	1	0.9872	0.6316	0.9231	0.7500
Battery	63	0.35	1	0.9920	0.7500	0.9231	0.8276
Battery	63	0.40	1	0.9936	0.8000	0.9231	0.8571
Battery	63	0.45	1	0.9936	0.8000	0.9231	0.8571
Battery	63	0.50	1	0.9920	0.7857	0.8462	0.8148
Battery	63	0.55	1	0.9904	0.8182	0.6923	0.7500
Battery	63	0.60	1	0.9888	0.8750	0.5385	0.6667
Battery	63	0.65	1	0.9904	1.0000	0.5385	0.7000
Battery	63	0.70	1	0.9872	1.0000	0.3846	0.5556
Battery	63	0.75	1	0.9872	1.0000	0.3846	0.5556
Battery	63	0.80	1	0.9823	1.0000	0.1538	0.2667
Battery	63	0.85	1	0.9791	0.0000	0.0000	0.0000
Battery	63	0.90	1	0.9791	0.0000	0.0000	0.0000
Battery	63	0.95	1	0.9791	0.0000	0.0000	0.0000
Battery	63	1.00	1	0.9791	0.0000	0.0000	0.0000
Battery	63	0.00	2	0.0209	0.0209	1.0000	0.0409
Battery	63	0.05	2	0.9422	0.2553	0.9231	0.4000
Battery	63	0.10	2	0.9856	0.6250	0.7692	0.6897
Battery	63	0.15	2	0.9904	0.7692	0.7692	0.7692
Battery	63	0.20	2	0.9920	0.8333	0.7692	0.8000
Battery	63	0.25	2	0.9936	0.9091	0.7692	0.8333
Battery	63	0.30	2	0.9920	0.9000	0.6923	0.7826
Battery	63	0.35	2	0.9920	0.9000	0.6923	0.7826
Battery	63	0.40	2	0.9920	0.9000	0.6923	0.7826
Battery	63	0.45	2	0.9920	0.9000	0.6923	0.7826
Battery	63	0.50	2	0.9904	0.8889	0.6154	0.7273
Battery	63	0.55	2	0.9904	0.8889	0.6154	0.7273
Battery	63	0.60	2	0.9904	0.8889	0.6154	0.7273
Battery	63	0.65	2	0.9904	0.8889	0.6154	0.7273
Battery	63	0.70	2	0.9888	0.8750	0.5385	0.6667
Battery	63	0.75	2	0.9888	0.8750	0.5385	0.6667
Battery	63	0.80	2	0.9856	0.8333	0.3846	0.5263
Battery	63	0.85	2	0.9839	0.8000	0.3077	0.4444
Battery	63	0.90	2	0.9856	1.0000	0.3077	0.4706
Battery	63	0.95	2	0.9807	1.0000	0.0769	0.1429
Battery	63	1.00	2	0.9791	0.0000	0.0000	0.0000
Battery	63	0.00	3	0.0193	0.0193	1.0000	0.0379
Battery	63	0.05	3	0.9453	0.2609	1.0000	0.4138
Battery	63	0.10	3	0.9839	0.5500	0.9167	0.6875
Battery	63	0.15	3	0.9855	0.5789	0.9167	0.7097
Battery	63	0.20	3	0.9855	0.5882	0.8333	0.6897
Battery	63	0.25	3	0.9871	0.6250	0.8333	0.7143
Battery	63	0.30	3	0.9871	0.6250	0.8333	0.7143
Battery	63	0.35	3	0.9887	0.6667	0.8333	0.7407
Battery	63	0.40	3	0.9887	0.6667	0.8333	0.7407
Battery	63	0.45	3	0.9871	0.6429	0.7500	0.6923
Battery	63	0.50	3	0.9855	0.6154	0.6667	0.6400
Battery	63	0.55	3	0.9855	0.6364	0.5833	0.6087
Battery	63	0.60	3	0.9855	0.6364	0.5833	0.6087
Battery	63	0.65	3	0.9871	0.7500	0.5000	0.6000
Battery	63	0.70	3	0.9855	0.7143	0.4167	0.5263
Battery	63	0.75	3	0.9855	0.7143	0.4167	0.5263
Battery	63	0.80	3	0.9871	0.8333	0.4167	0.5556
Battery	63	0.85	3	0.9871	0.8333	0.4167	0.5556
Battery	63	0.90	3	0.9855	0.8000	0.3333	0.4706
Battery	63	0.95	3	0.9839	1.0000	0.1667	0.2857
Battery	63	1.00	3	0.9807	0.0000	0.0000	0.0000
Battery	63	0.00	4	0.0193	0.0193	1.0000	0.0379
Battery	63	0.05	4	0.9068	0.1714	1.0000	0.2927
Battery	63	0.10	4	0.9920	0.7059	1.0000	0.8276
Battery	63	0.15	4	0.9936	0.7500	1.0000	0.8571
Battery	63	0.20	4	0.9936	0.7500	1.0000	0.8571
Battery	63	0.25	4	0.9920	0.7333	0.9167	0.8148
Battery	63	0.30	4	0.9920	0.7333	0.9167	0.8148
Battery	63	0.35	4	0.9920	0.7333	0.9167	0.8148
Battery	63	0.40	4	0.9904	0.7143	0.8333	0.7692
Battery	63	0.45	4	0.9887	0.6923	0.7500	0.7200
Battery	63	0.50	4	0.9887	0.6923	0.7500	0.7200
Battery	63	0.55	4	0.9871	0.6667	0.6667	0.6667
Battery	63	0.60	4	0.9855	0.6667	0.5000	0.5714
Battery	63	0.65	4	0.9855	0.6667	0.5000	0.5714
Battery	63	0.70	4	0.9839	0.6250	0.4167	0.5000
Battery	63	0.75	4	0.9855	0.7143	0.4167	0.5263
Battery	63	0.80	4	0.9855	0.8000	0.3333	0.4706
Battery	63	0.85	4	0.9855	0.8000	0.3333	0.4706
Battery	63	0.90	4	0.9839	0.7500	0.2500	0.3750
Battery	63	0.95	4	0.9839	1.0000	0.1667	0.2857
Battery	63	1.00	4	0.9807	0.0000	0.0000	0.0000
Driverless Cars	134	0.00	0	0.0433	0.0433	1.0000	0.0831
Driverless Cars	134	0.05	0	0.7913	0.1720	1.0000	0.2935
Driverless Cars	134	0.10	0	0.9856	0.7500	1.0000	0.8571
Driverless Cars	134	0.15	0	0.9904	0.8182	1.0000	0.9000
Driverless Cars	134	0.20	0	0.9904	0.8387	0.9630	0.8966
Driverless Cars	134	0.25	0	0.9920	0.8667	0.9630	0.9123
Driverless Cars	134	0.30	0	0.9920	0.8929	0.9259	0.9091
Driverless Cars	134	0.35	0	0.9936	0.9259	0.9259	0.9259
Driverless Cars	134	0.40	0	0.9936	0.9259	0.9259	0.9259
Driverless Cars	134	0.45	0	0.9936	0.9600	0.8889	0.9231
Driverless Cars	134	0.50	0	0.9920	0.9583	0.8519	0.9020
Driverless Cars	134	0.55	0	0.9936	1.0000	0.8519	0.9200
Driverless Cars	134	0.60	0	0.9936	1.0000	0.8519	0.9200
Driverless Cars	134	0.65	0	0.9936	1.0000	0.8519	0.9200
Driverless Cars	134	0.70	0	0.9920	1.0000	0.8148	0.8980
Driverless Cars	134	0.75	0	0.9920	1.0000	0.8148	0.8980
Driverless Cars	134	0.80	0	0.9888	1.0000	0.7407	0.8511
Driverless Cars	134	0.85	0	0.9872	1.0000	0.7037	0.8261
Driverless Cars	134	0.90	0	0.9839	1.0000	0.6296	0.7727
Driverless Cars	134	0.95	0	0.9775	1.0000	0.4815	0.6500
Driverless Cars	134	1.00	0	0.9567	0.0000	0.0000	0.0000
Driverless Cars	134	0.00	1	0.0433	0.0433	1.0000	0.0831
Driverless Cars	134	0.05	1	0.7223	0.1350	1.0000	0.2379
Driverless Cars	134	0.10	1	0.9823	0.7105	1.0000	0.8308
Driverless Cars	134	0.15	1	0.9888	0.7941	1.0000	0.8852
Driverless Cars	134	0.20	1	0.9888	0.7941	1.0000	0.8852
Driverless Cars	134	0.25	1	0.9904	0.8182	1.0000	0.9000
Driverless Cars	134	0.30	1	0.9920	0.8438	1.0000	0.9153
Driverless Cars	134	0.35	1	0.9936	0.8710	1.0000	0.9310
Driverless Cars	134	0.40	1	0.9952	0.9000	1.0000	0.9474
Driverless Cars	134	0.45	1	0.9952	0.9000	1.0000	0.9474
Driverless Cars	134	0.50	1	0.9952	0.9000	1.0000	0.9474
Driverless Cars	134	0.55	1	0.9952	0.9286	0.9630	0.9455
Driverless Cars	134	0.60	1	0.9952	0.9286	0.9630	0.9455
Driverless Cars	134	0.65	1	0.9936	0.9259	0.9259	0.9259
Driverless Cars	134	0.70	1	0.9936	0.9259	0.9259	0.9259
Driverless Cars	134	0.75	1	0.9904	0.9200	0.8519	0.8846
Driverless Cars	134	0.80	1	0.9888	0.9167	0.8148	0.8627
Driverless Cars	134	0.85	1	0.9807	0.8947	0.6296	0.7391
Driverless Cars	134	0.90	1	0.9759	0.9286	0.4815	0.6341
Driverless Cars	134	0.95	1	0.9695	0.9000	0.3333	0.4865
Driverless Cars	134	1.00	1	0.9567	0.0000	0.0000	0.0000
Driverless Cars	134	0.00	2	0.0433	0.0433	1.0000	0.0831
Driverless Cars	134	0.05	2	0.8909	0.2842	1.0000	0.4426
Driverless Cars	134	0.10	2	0.9839	0.7297	1.0000	0.8437
Driverless Cars	134	0.15	2	0.9904	0.8387	0.9630	0.8966
Driverless Cars	134	0.20	2	0.9904	0.8621	0.9259	0.8929
Driverless Cars	134	0.25	2	0.9904	0.8621	0.9259	0.8929
Driverless Cars	134	0.30	2	0.9904	0.8889	0.8889	0.8889
Driverless Cars	134	0.35	2	0.9920	0.9231	0.8889	0.9057
Driverless Cars	134	0.40	2	0.9904	0.9200	0.8519	0.8846
Driverless Cars	134	0.45	2	0.9888	0.9167	0.8148	0.8627
Driverless Cars	134	0.50	2	0.9839	0.9048	0.7037	0.7917
Driverless Cars	134	0.55	2	0.9823	0.9000	0.6667	0.7660
Driverless Cars	134	0.60	2	0.9823	0.9000	0.6667	0.7660
Driverless Cars	134	0.65	2	0.9791	0.8889	0.5926	0.7111
Driverless Cars	134	0.70	2	0.9743	0.8667	0.4815	0.6190
Driverless Cars	134	0.75	2	0.9743	0.9231	0.4444	0.6000
Driverless Cars	134	0.80	2	0.9695	0.9000	0.3333	0.4865
Driverless Cars	134	0.85	2	0.9647	0.8571	0.2222	0.3529
Driverless Cars	134	0.90	2	0.9615	0.8000	0.1481	0.2500
Driverless Cars	134	0.95	2	0.9583	0.6667	0.0741	0.1333
Driverless Cars	134	1.00	2	0.9567	0.0000	0.0000	0.0000
Driverless Cars	134	0.00	3	0.0433	0.0433	1.0000	0.0831
Driverless Cars	134	0.05	3	0.8427	0.2160	1.0000	0.3553
Driverless Cars	134	0.10	3	0.9904	0.8387	0.9630	0.8966
Driverless Cars	134	0.15	3	0.9952	0.9286	0.9630	0.9455
Driverless Cars	134	0.20	3	0.9952	0.9286	0.9630	0.9455
Driverless Cars	134	0.25	3	0.9952	0.9286	0.9630	0.9455
Driverless Cars	134	0.30	3	0.9936	0.9259	0.9259	0.9259
Driverless Cars	134	0.35	3	0.9936	0.9259	0.9259	0.9259
Driverless Cars	134	0.40	3	0.9936	0.9259	0.9259	0.9259
Driverless Cars	134	0.45	3	0.9936	0.9259	0.9259	0.9259
Driverless Cars	134	0.50	3	0.9936	0.9600	0.8889	0.9231
Driverless Cars	134	0.55	3	0.9920	0.9583	0.8519	0.9020
Driverless Cars	134	0.60	3	0.9904	0.9565	0.8148	0.8800
Driverless Cars	134	0.65	3	0.9872	0.9524	0.7407	0.8333
Driverless Cars	134	0.70	3	0.9872	1.0000	0.7037	0.8261
Driverless Cars	134	0.75	3	0.9872	1.0000	0.7037	0.8261
Driverless Cars	134	0.80	3	0.9856	1.0000	0.6667	0.8000
Driverless Cars	134	0.85	3	0.9839	1.0000	0.6296	0.7727
Driverless Cars	134	0.90	3	0.9823	1.0000	0.5926	0.7442
Driverless Cars	134	0.95	3	0.9759	1.0000	0.4444	0.6154
Driverless Cars	134	1.00	3	0.9567	0.0000	0.0000	0.0000
Driverless Cars	134	0.00	4	0.0418	0.0418	1.0000	0.0802
Driverless Cars	134	0.05	4	0.7556	0.1461	1.0000	0.2549
Driverless Cars	134	0.10	4	0.9839	0.7222	1.0000	0.8387
Driverless Cars	134	0.15	4	0.9904	0.8125	1.0000	0.8966
Driverless Cars	134	0.20	4	0.9920	0.8387	1.0000	0.9123
Driverless Cars	134	0.25	4	0.9968	0.9286	1.0000	0.9630
Driverless Cars	134	0.30	4	0.9984	0.9630	1.0000	0.9811
Driverless Cars	134	0.35	4	0.9968	0.9615	0.9615	0.9615
Driverless Cars	134	0.40	4	0.9984	1.0000	0.9615	0.9804
Driverless Cars	134	0.45	4	0.9984	1.0000	0.9615	0.9804
Driverless Cars	134	0.50	4	0.9984	1.0000	0.9615	0.9804
Driverless Cars	134	0.55	4	0.9984	1.0000	0.9615	0.9804
Driverless Cars	134	0.60	4	0.9968	1.0000	0.9231	0.9600
Driverless Cars	134	0.65	4	0.9968	1.0000	0.9231	0.9600
Driverless Cars	134	0.70	4	0.9936	1.0000	0.8462	0.9167
Driverless Cars	134	0.75	4	0.9904	1.0000	0.7692	0.8696
Driverless Cars	134	0.80	4	0.9887	1.0000	0.7308	0.8444
Driverless Cars	134	0.85	4	0.9839	1.0000	0.6154	0.7619
Driverless Cars	134	0.90	4	0.9791	1.0000	0.5000	0.6667
Driverless Cars	134	0.95	4	0.9646	1.0000	0.1538	0.2667
Driverless Cars	134	1.00	4	0.9582	0.0000	0.0000	0.0000
Wearable Tech	219	0.00	0	0.0706	0.0706	1.0000	0.1319
Wearable Tech	219	0.05	0	0.1059	0.0732	1.0000	0.1364
Wearable Tech	219	0.10	0	0.7608	0.2193	0.9318	0.3550
Wearable Tech	219	0.15	0	0.9117	0.4409	0.9318	0.5985
Wearable Tech	219	0.20	0	0.9502	0.5970	0.9091	0.7207
Wearable Tech	219	0.25	0	0.9647	0.6964	0.8864	0.7800
Wearable Tech	219	0.30	0	0.9695	0.7358	0.8864	0.8041
Wearable Tech	219	0.35	0	0.9711	0.7708	0.8409	0.8043
Wearable Tech	219	0.40	0	0.9711	0.7955	0.7955	0.7955
Wearable Tech	219	0.45	0	0.9743	0.8500	0.7727	0.8095
Wearable Tech	219	0.50	0	0.9775	0.8947	0.7727	0.8293
Wearable Tech	219	0.55	0	0.9743	0.8889	0.7273	0.8000
Wearable Tech	219	0.60	0	0.9727	0.9355	0.6591	0.7733
Wearable Tech	219	0.65	0	0.9711	0.9333	0.6364	0.7568
Wearable Tech	219	0.70	0	0.9695	0.9630	0.5909	0.7324
Wearable Tech	219	0.75	0	0.9663	0.9600	0.5455	0.6957
Wearable Tech	219	0.80	0	0.9583	0.9500	0.4318	0.5938
Wearable Tech	219	0.85	0	0.9486	0.9286	0.2955	0.4483
Wearable Tech	219	0.90	0	0.9454	0.9167	0.2500	0.3929
Wearable Tech	219	0.95	0	0.9422	0.9000	0.2045	0.3333
Wearable Tech	219	1.00	0	0.9294	0.0000	0.0000	0.0000
Wearable Tech	219	0.00	1	0.0706	0.0706	1.0000	0.1319
Wearable Tech	219	0.05	1	0.1027	0.0730	1.0000	0.1360
Wearable Tech	219	0.10	1	0.7576	0.2256	1.0000	0.3682
Wearable Tech	219	0.15	1	0.9085	0.4343	0.9773	0.6014
Wearable Tech	219	0.20	1	0.9262	0.4886	0.9773	0.6515
Wearable Tech	219	0.25	1	0.9294	0.5000	0.9318	0.6508
Wearable Tech	219	0.30	1	0.9374	0.5325	0.9318	0.6777
Wearable Tech	219	0.35	1	0.9454	0.5694	0.9318	0.7069
Wearable Tech	219	0.40	1	0.9583	0.6452	0.9091	0.7547
Wearable Tech	219	0.45	1	0.9679	0.7308	0.8636	0.7917
Wearable Tech	219	0.50	1	0.9743	0.8043	0.8409	0.8222
Wearable Tech	219	0.55	1	0.9775	0.8571	0.8182	0.8372
Wearable Tech	219	0.60	1	0.9791	0.9429	0.7500	0.8354
Wearable Tech	219	0.65	1	0.9743	0.9375	0.6818	0.7895
Wearable Tech	219	0.70	1	0.9679	0.9615	0.5682	0.7143
Wearable Tech	219	0.75	1	0.9631	0.9565	0.5000	0.6567
Wearable Tech	219	0.80	1	0.9615	1.0000	0.4545	0.6250
Wearable Tech	219	0.85	1	0.9599	1.0000	0.4318	0.6032
Wearable Tech	219	0.90	1	0.9502	1.0000	0.2955	0.4561
Wearable Tech	219	0.95	1	0.9390	1.0000	0.1364	0.2400
Wearable Tech	219	1.00	1	0.9294	0.0000	0.0000	0.0000
Wearable Tech	219	0.00	2	0.0706	0.0706	1.0000	0.1319
Wearable Tech	219	0.05	2	0.1124	0.0737	1.0000	0.1373
Wearable Tech	219	0.10	2	0.7945	0.2529	0.9773	0.4019
Wearable Tech	219	0.15	2	0.9085	0.4330	0.9545	0.5957
Wearable Tech	219	0.20	2	0.9278	0.4938	0.9091	0.6400
Wearable Tech	219	0.25	2	0.9310	0.5065	0.8864	0.6446
Wearable Tech	219	0.30	2	0.9406	0.5507	0.8636	0.6726
Wearable Tech	219	0.35	2	0.9470	0.5846	0.8636	0.6972
Wearable Tech	219	0.40	2	0.9486	0.6034	0.7955	0.6863
Wearable Tech	219	0.45	2	0.9615	0.7000	0.7955	0.7447
Wearable Tech	219	0.50	2	0.9583	0.7250	0.6591	0.6905
Wearable Tech	219	0.55	2	0.9647	0.8438	0.6136	0.7105
Wearable Tech	219	0.60	2	0.9647	0.8667	0.5909	0.7027
Wearable Tech	219	0.65	2	0.9647	0.8929	0.5682	0.6944
Wearable Tech	219	0.70	2	0.9663	0.9600	0.5455	0.6957
Wearable Tech	219	0.75	2	0.9615	0.9545	0.4773	0.6364
Wearable Tech	219	0.80	2	0.9567	0.9474	0.4091	0.5714
Wearable Tech	219	0.85	2	0.9551	1.0000	0.3636	0.5333
Wearable Tech	219	0.90	2	0.9470	1.0000	0.2500	0.4000
Wearable Tech	219	0.95	2	0.9342	1.0000	0.0682	0.1277
Wearable Tech	219	1.00	2	0.9294	0.0000	0.0000	0.0000
Wearable Tech	219	0.00	3	0.0706	0.0706	1.0000	0.1319
Wearable Tech	219	0.05	3	0.1445	0.0763	1.0000	0.1417
Wearable Tech	219	0.10	3	0.8427	0.2955	0.8864	0.4432
Wearable Tech	219	0.15	3	0.9294	0.5000	0.8409	0.6271
Wearable Tech	219	0.20	3	0.9406	0.5538	0.8182	0.6606
Wearable Tech	219	0.25	3	0.9518	0.6250	0.7955	0.7000
Wearable Tech	219	0.30	3	0.9551	0.6600	0.7500	0.7021
Wearable Tech	219	0.35	3	0.9567	0.6889	0.7045	0.6966
Wearable Tech	219	0.40	3	0.9583	0.7368	0.6364	0.6829
Wearable Tech	219	0.45	3	0.9647	0.8235	0.6364	0.7179
Wearable Tech	219	0.50	3	0.9631	0.8182	0.6136	0.7013
Wearable Tech	219	0.55	3	0.9599	0.8065	0.5682	0.6667
Wearable Tech	219	0.60	3	0.9615	0.8571	0.5455	0.6667
Wearable Tech	219	0.65	3	0.9615	0.8846	0.5227	0.6571
Wearable Tech	219	0.70	3	0.9631	0.9565	0.5000	0.6567
Wearable Tech	219	0.75	3	0.9615	0.9545	0.4773	0.6364
Wearable Tech	219	0.80	3	0.9599	0.9524	0.4545	0.6154
Wearable Tech	219	0.85	3	0.9567	1.0000	0.3864	0.5574
Wearable Tech	219	0.90	3	0.9518	1.0000	0.3182	0.4828
Wearable Tech	219	0.95	3	0.9470	1.0000	0.2500	0.4000
Wearable Tech	219	1.00	3	0.9294	0.0000	0.0000	0.0000
Wearable Tech	219	0.00	4	0.0691	0.0691	1.0000	0.1293
Wearable Tech	219	0.05	4	0.1125	0.0708	0.9767	0.1321
Wearable Tech	219	0.10	4	0.7974	0.2515	0.9767	0.4000
Wearable Tech	219	0.15	4	0.9389	0.5333	0.9302	0.6780
Wearable Tech	219	0.20	4	0.9518	0.6000	0.9070	0.7222
Wearable Tech	219	0.25	4	0.9614	0.6727	0.8605	0.7551
Wearable Tech	219	0.30	4	0.9678	0.7255	0.8605	0.7872
Wearable Tech	219	0.35	4	0.9743	0.8000	0.8372	0.8182
Wearable Tech	219	0.40	4	0.9791	0.8571	0.8372	0.8471
Wearable Tech	219	0.45	4	0.9839	0.9459	0.8140	0.8750
Wearable Tech	219	0.50	4	0.9823	0.9444	0.7907	0.8608
Wearable Tech	219	0.55	4	0.9807	0.9429	0.7674	0.8462
Wearable Tech	219	0.60	4	0.9775	0.9394	0.7209	0.8158
Wearable Tech	219	0.65	4	0.9759	0.9375	0.6977	0.8000
Wearable Tech	219	0.70	4	0.9727	0.9333	0.6512	0.7671
Wearable Tech	219	0.75	4	0.9678	0.9259	0.5814	0.7143
Wearable Tech	219	0.80	4	0.9646	0.9565	0.5116	0.6667
Wearable Tech	219	0.85	4	0.9598	1.0000	0.4186	0.5902
Wearable Tech	219	0.90	4	0.9550	1.0000	0.3488	0.5172
Wearable Tech	219	0.95	4	0.9469	1.0000	0.2326	0.3774
Wearable Tech	219	1.00	4	0.9309	0.0000	0.0000	0.0000
Virtual Reality and Augmented Reality	88	0.00	0	0.0288	0.0288	1.0000	0.0561
Virtual Reality and Augmented Reality	88	0.05	0	0.7917	0.1111	0.8889	0.1975
Virtual Reality and Augmented Reality	88	0.10	0	0.9583	0.3750	0.6667	0.4800
Virtual Reality and Augmented Reality	88	0.15	0	0.9712	0.5000	0.6667	0.5714
Virtual Reality and Augmented Reality	88	0.20	0	0.9760	0.5714	0.6667	0.6154
Virtual Reality and Augmented Reality	88	0.25	0	0.9776	0.6111	0.6111	0.6111
Virtual Reality and Augmented Reality	88	0.30	0	0.9808	0.6875	0.6111	0.6471
Virtual Reality and Augmented Reality	88	0.35	0	0.9792	0.6923	0.5000	0.5806
Virtual Reality and Augmented Reality	88	0.40	0	0.9792	0.7273	0.4444	0.5517
Virtual Reality and Augmented Reality	88	0.45	0	0.9744	0.6250	0.2778	0.3846
Virtual Reality and Augmented Reality	88	0.50	0	0.9760	0.7143	0.2778	0.4000
Virtual Reality and Augmented Reality	88	0.55	0	0.9744	0.7500	0.1667	0.2727
Virtual Reality and Augmented Reality	88	0.60	0	0.9728	0.6667	0.1111	0.1905
Virtual Reality and Augmented Reality	88	0.65	0	0.9728	1.0000	0.0556	0.1053
Virtual Reality and Augmented Reality	88	0.70	0	0.9728	1.0000	0.0556	0.1053
Virtual Reality and Augmented Reality	88	0.75	0	0.9728	1.0000	0.0556	0.1053
Virtual Reality and Augmented Reality	88	0.80	0	0.9728	1.0000	0.0556	0.1053
Virtual Reality and Augmented Reality	88	0.85	0	0.9728	1.0000	0.0556	0.1053
Virtual Reality and Augmented Reality	88	0.90	0	0.9728	1.0000	0.0556	0.1053
Virtual Reality and Augmented Reality	88	0.95	0	0.9712	0.0000	0.0000	0.0000
Virtual Reality and Augmented Reality	88	1.00	0	0.9712	0.0000	0.0000	0.0000
Virtual Reality and Augmented Reality	88	0.00	1	0.0289	0.0289	1.0000	0.0562
Virtual Reality and Augmented Reality	88	0.05	1	0.6132	0.0661	0.9444	0.1236
Virtual Reality and Augmented Reality	88	0.10	1	0.9165	0.2500	0.9444	0.3953
Virtual Reality and Augmented Reality	88	0.15	1	0.9310	0.2727	0.8333	0.4110
Virtual Reality and Augmented Reality	88	0.20	1	0.9518	0.3500	0.7778	0.4828
Virtual Reality and Augmented Reality	88	0.25	1	0.9679	0.4667	0.7778	0.5833
Virtual Reality and Augmented Reality	88	0.30	1	0.9711	0.5000	0.7778	0.6087
Virtual Reality and Augmented Reality	88	0.35	1	0.9711	0.5000	0.7778	0.6087
Virtual Reality and Augmented Reality	88	0.40	1	0.9743	0.5385	0.7778	0.6364
Virtual Reality and Augmented Reality	88	0.45	1	0.9743	0.5385	0.7778	0.6364
Virtual Reality and Augmented Reality	88	0.50	1	0.9743	0.5385	0.7778	0.6364
Virtual Reality and Augmented Reality	88	0.55	1	0.9775	0.5909	0.7222	0.6500
Virtual Reality and Augmented Reality	88	0.60	1	0.9727	0.5263	0.5556	0.5405
Virtual Reality and Augmented Reality	88	0.65	1	0.9775	0.6250	0.5556	0.5882
Virtual Reality and Augmented Reality	88	0.70	1	0.9743	0.5714	0.4444	0.5000
Virtual Reality and Augmented Reality	88	0.75	1	0.9759	0.6667	0.3333	0.4444
Virtual Reality and Augmented Reality	88	0.80	1	0.9759	0.8000	0.2222	0.3478
Virtual Reality and Augmented Reality	88	0.85	1	0.9759	0.8000	0.2222	0.3478
Virtual Reality and Augmented Reality	88	0.90	1	0.9775	1.0000	0.2222	0.3636
Virtual Reality and Augmented Reality	88	0.95	1	0.9759	1.0000	0.1667	0.2857
Virtual Reality and Augmented Reality	88	1.00	1	0.9711	0.0000	0.0000	0.0000
Virtual Reality and Augmented Reality	88	0.00	2	0.0289	0.0289	1.0000	0.0562
Virtual Reality and Augmented Reality	88	0.05	2	0.5682	0.0627	1.0000	0.1180
Virtual Reality and Augmented Reality	88	0.10	2	0.9278	0.2712	0.8889	0.4156
Virtual Reality and Augmented Reality	88	0.15	2	0.9535	0.3590	0.7778	0.4912
Virtual Reality and Augmented Reality	88	0.20	2	0.9727	0.5185	0.7778	0.6222
Virtual Reality and Augmented Reality	88	0.25	2	0.9759	0.5652	0.7222	0.6341
Virtual Reality and Augmented Reality	88	0.30	2	0.9775	0.5909	0.7222	0.6500
Virtual Reality and Augmented Reality	88	0.35	2	0.9807	0.6500	0.7222	0.6842
Virtual Reality and Augmented Reality	88	0.40	2	0.9823	0.6842	0.7222	0.7027
Virtual Reality and Augmented Reality	88	0.45	2	0.9823	0.7059	0.6667	0.6857
Virtual Reality and Augmented Reality	88	0.50	2	0.9823	0.7059	0.6667	0.6857
Virtual Reality and Augmented Reality	88	0.55	2	0.9823	0.7333	0.6111	0.6667
Virtual Reality and Augmented Reality	88	0.60	2	0.9839	0.7857	0.6111	0.6875
Virtual Reality and Augmented Reality	88	0.65	2	0.9856	0.8462	0.6111	0.7097
Virtual Reality and Augmented Reality	88	0.70	2	0.9856	0.8462	0.6111	0.7097
Virtual Reality and Augmented Reality	88	0.75	2	0.9856	0.9091	0.5556	0.6897
Virtual Reality and Augmented Reality	88	0.80	2	0.9839	0.9000	0.5000	0.6429
Virtual Reality and Augmented Reality	88	0.85	2	0.9823	0.8889	0.4444	0.5926
Virtual Reality and Augmented Reality	88	0.90	2	0.9807	0.8750	0.3889	0.5385
Virtual Reality and Augmented Reality	88	0.95	2	0.9759	0.8000	0.2222	0.3478
Virtual Reality and Augmented Reality	88	1.00	2	0.9711	0.0000	0.0000	0.0000
Virtual Reality and Augmented Reality	88	0.00	3	0.0273	0.0273	1.0000	0.0532
Virtual Reality and Augmented Reality	88	0.05	3	0.6190	0.0669	1.0000	0.1255
Virtual Reality and Augmented Reality	88	0.10	3	0.9277	0.2667	0.9412	0.4156
Virtual Reality and Augmented Reality	88	0.15	3	0.9421	0.2889	0.7647	0.4194
Virtual Reality and Augmented Reality	88	0.20	3	0.9662	0.4286	0.7059	0.5333
Virtual Reality and Augmented Reality	88	0.25	3	0.9695	0.4615	0.7059	0.5581
Virtual Reality and Augmented Reality	88	0.30	3	0.9695	0.4615	0.7059	0.5581
Virtual Reality and Augmented Reality	88	0.35	3	0.9711	0.4800	0.7059	0.5714
Virtual Reality and Augmented Reality	88	0.40	3	0.9727	0.5000	0.7059	0.5854
Virtual Reality and Augmented Reality	88	0.45	3	0.9743	0.5217	0.7059	0.6000
Virtual Reality and Augmented Reality	88	0.50	3	0.9759	0.5455	0.7059	0.6154
Virtual Reality and Augmented Reality	88	0.55	3	0.9775	0.5714	0.7059	0.6316
Virtual Reality and Augmented Reality	88	0.60	3	0.9807	0.6471	0.6471	0.6471
Virtual Reality and Augmented Reality	88	0.65	3	0.9791	0.6250	0.5882	0.6061
Virtual Reality and Augmented Reality	88	0.70	3	0.9791	0.6429	0.5294	0.5806
Virtual Reality and Augmented Reality	88	0.75	3	0.9791	0.6667	0.4706	0.5517
Virtual Reality and Augmented Reality	88	0.80	3	0.9791	0.7000	0.4118	0.5185
Virtual Reality and Augmented Reality	88	0.85	3	0.9759	0.6667	0.2353	0.3478
Virtual Reality and Augmented Reality	88	0.90	3	0.9759	0.6667	0.2353	0.3478
Virtual Reality and Augmented Reality	88	0.95	3	0.9759	0.6667	0.2353	0.3478
Virtual Reality and Augmented Reality	88	1.00	3	0.9727	0.0000	0.0000	0.0000
Virtual Reality and Augmented Reality	88	0.00	4	0.0273	0.0273	1.0000	0.0532
Virtual Reality and Augmented Reality	88	0.05	4	0.6125	0.0659	1.0000	0.1236
Virtual Reality and Augmented Reality	88	0.10	4	0.9180	0.2500	1.0000	0.4000
Virtual Reality and Augmented Reality	88	0.15	4	0.9357	0.2830	0.8824	0.4286
Virtual Reality and Augmented Reality	88	0.20	4	0.9486	0.3256	0.8235	0.4667
Virtual Reality and Augmented Reality	88	0.25	4	0.9518	0.3333	0.7647	0.4643
Virtual Reality and Augmented Reality	88	0.30	4	0.9550	0.3514	0.7647	0.4815
Virtual Reality and Augmented Reality	88	0.35	4	0.9582	0.3636	0.7059	0.4800
Virtual Reality and Augmented Reality	88	0.40	4	0.9582	0.3448	0.5882	0.4348
Virtual Reality and Augmented Reality	88	0.45	4	0.9678	0.4348	0.5882	0.5000
Virtual Reality and Augmented Reality	88	0.50	4	0.9662	0.4000	0.4706	0.4324
Virtual Reality and Augmented Reality	88	0.55	4	0.9678	0.4118	0.4118	0.4118
Virtual Reality and Augmented Reality	88	0.60	4	0.9662	0.3571	0.2941	0.3226
Virtual Reality and Augmented Reality	88	0.65	4	0.9695	0.4167	0.2941	0.3448
Virtual Reality and Augmented Reality	88	0.70	4	0.9695	0.4000	0.2353	0.2963
Virtual Reality and Augmented Reality	88	0.75	4	0.9678	0.3333	0.1765	0.2308
Virtual Reality and Augmented Reality	88	0.80	4	0.9678	0.2857	0.1176	0.1667
Virtual Reality and Augmented Reality	88	0.85	4	0.9711	0.4000	0.1176	0.1818
Virtual Reality and Augmented Reality	88	0.90	4	0.9727	0.5000	0.1176	0.1905
Virtual Reality and Augmented Reality	88	0.95	4	0.9743	0.6667	0.1176	0.2000
Virtual Reality and Augmented Reality	88	1.00	4	0.9727	0.0000	0.0000	0.0000
Drone	145	0.00	0	0.0465	0.0465	1.0000	0.0890
Drone	145	0.05	0	0.2568	0.0589	1.0000	0.1113
Drone	145	0.10	0	0.9342	0.4143	1.0000	0.5859
Drone	145	0.15	0	0.9663	0.5800	1.0000	0.7342
Drone	145	0.20	0	0.9839	0.7436	1.0000	0.8529
Drone	145	0.25	0	0.9872	0.7838	1.0000	0.8788
Drone	145	0.30	0	0.9856	0.7778	0.9655	0.8615
Drone	145	0.35	0	0.9856	0.7778	0.9655	0.8615
Drone	145	0.40	0	0.9856	0.7941	0.9310	0.8571
Drone	145	0.45	0	0.9823	0.7812	0.8621	0.8197
Drone	145	0.50	0	0.9807	0.7742	0.8276	0.8000
Drone	145	0.55	0	0.9775	0.7586	0.7586	0.7586
Drone	145	0.60	0	0.9759	0.7500	0.7241	0.7368
Drone	145	0.65	0	0.9775	0.8000	0.6897	0.7407
Drone	145	0.70	0	0.9743	0.8095	0.5862	0.6800
Drone	145	0.75	0	0.9727	0.8333	0.5172	0.6383
Drone	145	0.80	0	0.9727	0.8333	0.5172	0.6383
Drone	145	0.85	0	0.9695	0.8125	0.4483	0.5778
Drone	145	0.90	0	0.9695	0.9167	0.3793	0.5366
Drone	145	0.95	0	0.9663	1.0000	0.2759	0.4324
Drone	145	1.00	0	0.9535	0.0000	0.0000	0.0000
Drone	145	0.00	1	0.0465	0.0465	1.0000	0.0890
Drone	145	0.05	1	0.2793	0.0607	1.0000	0.1144
Drone	145	0.10	1	0.9246	0.3816	1.0000	0.5524
Drone	145	0.15	1	0.9631	0.5577	1.0000	0.7160
Drone	145	0.20	1	0.9679	0.5918	1.0000	0.7436
Drone	145	0.25	1	0.9727	0.6304	1.0000	0.7733
Drone	145	0.30	1	0.9759	0.6591	1.0000	0.7945
Drone	145	0.35	1	0.9759	0.6750	0.9310	0.7826
Drone	145	0.40	1	0.9775	0.7143	0.8621	0.7813
Drone	145	0.45	1	0.9775	0.7419	0.7931	0.7667
Drone	145	0.50	1	0.9759	0.7500	0.7241	0.7368
Drone	145	0.55	1	0.9743	0.7600	0.6552	0.7037
Drone	145	0.60	1	0.9743	0.7826	0.6207	0.6923
Drone	145	0.65	1	0.9759	0.8500	0.5862	0.6939
Drone	145	0.70	1	0.9759	0.8500	0.5862	0.6939
Drone	145	0.75	1	0.9743	0.8824	0.5172	0.6522
Drone	145	0.80	1	0.9711	0.9231	0.4138	0.5714
Drone	145	0.85	1	0.9711	0.9231	0.4138	0.5714
Drone	145	0.90	1	0.9711	0.9231	0.4138	0.5714
Drone	145	0.95	1	0.9615	0.8571	0.2069	0.3333
Drone	145	1.00	1	0.9535	0.0000	0.0000	0.0000
Drone	145	0.00	2	0.0465	0.0465	1.0000	0.0890
Drone	145	0.05	2	0.3563	0.0674	1.0000	0.1264
Drone	145	0.10	2	0.9551	0.5091	0.9655	0.6667
Drone	145	0.15	2	0.9839	0.7714	0.9310	0.8438
Drone	145	0.20	2	0.9807	0.7742	0.8276	0.8000
Drone	145	0.25	2	0.9856	0.8571	0.8276	0.8421
Drone	145	0.30	2	0.9839	0.8519	0.7931	0.8214
Drone	145	0.35	2	0.9839	0.8519	0.7931	0.8214
Drone	145	0.40	2	0.9807	0.8400	0.7241	0.7778
Drone	145	0.45	2	0.9791	0.8333	0.6897	0.7547
Drone	145	0.50	2	0.9775	0.8571	0.6207	0.7200
Drone	145	0.55	2	0.9759	0.8500	0.5862	0.6939
Drone	145	0.60	2	0.9791	0.9444	0.5862	0.7234
Drone	145	0.65	2	0.9759	0.9375	0.5172	0.6667
Drone	145	0.70	2	0.9743	0.9333	0.4828	0.6364
Drone	145	0.75	2	0.9727	0.9286	0.4483	0.6047
Drone	145	0.80	2	0.9679	0.9091	0.3448	0.5000
Drone	145	0.85	2	0.9679	1.0000	0.3103	0.4737
Drone	145	0.90	2	0.9679	1.0000	0.3103	0.4737
Drone	145	0.95	2	0.9631	1.0000	0.2069	0.3429
Drone	145	1.00	2	0.9535	0.0000	0.0000	0.0000
Drone	145	0.00	3	0.0465	0.0465	1.0000	0.0890
Drone	145	0.05	3	0.3194	0.0640	1.0000	0.1203
Drone	145	0.10	3	0.9647	0.5745	0.9310	0.7105
Drone	145	0.15	3	0.9807	0.7297	0.9310	0.8182
Drone	145	0.20	3	0.9839	0.7879	0.8966	0.8387
Drone	145	0.25	3	0.9839	0.7879	0.8966	0.8387
Drone	145	0.30	3	0.9823	0.7812	0.8621	0.8197
Drone	145	0.35	3	0.9839	0.8065	0.8621	0.8333
Drone	145	0.40	3	0.9807	0.7931	0.7931	0.7931
Drone	145	0.45	3	0.9791	0.7857	0.7586	0.7719
Drone	145	0.50	3	0.9743	0.7600	0.6552	0.7037
Drone	145	0.55	3	0.9727	0.7500	0.6207	0.6792
Drone	145	0.60	3	0.9759	0.8182	0.6207	0.7059
Drone	145	0.65	3	0.9759	0.8182	0.6207	0.7059
Drone	145	0.70	3	0.9759	0.8182	0.6207	0.7059
Drone	145	0.75	3	0.9759	0.8889	0.5517	0.6809
Drone	145	0.80	3	0.9743	0.8824	0.5172	0.6522
Drone	145	0.85	3	0.9711	0.9231	0.4138	0.5714
Drone	145	0.90	3	0.9695	0.9167	0.3793	0.5366
Drone	145	0.95	3	0.9663	1.0000	0.2759	0.4324
Drone	145	1.00	3	0.9535	0.0000	0.0000	0.0000
Drone	145	0.00	4	0.0466	0.0466	1.0000	0.0891
Drone	145	0.05	4	0.3473	0.0667	1.0000	0.1250
Drone	145	0.10	4	0.9566	0.5179	1.0000	0.6824
Drone	145	0.15	4	0.9775	0.6744	1.0000	0.8056
Drone	145	0.20	4	0.9807	0.7073	1.0000	0.8286
Drone	145	0.25	4	0.9823	0.7250	1.0000	0.8406
Drone	145	0.30	4	0.9823	0.7368	0.9655	0.8358
Drone	145	0.35	4	0.9823	0.7500	0.9310	0.8308
Drone	145	0.40	4	0.9807	0.7576	0.8621	0.8065
Drone	145	0.45	4	0.9791	0.7500	0.8276	0.7869
Drone	145	0.50	4	0.9743	0.7241	0.7241	0.7241
Drone	145	0.55	4	0.9727	0.7308	0.6552	0.6909
Drone	145	0.60	4	0.9711	0.7200	0.6207	0.6667
Drone	145	0.65	4	0.9743	0.7826	0.6207	0.6923
Drone	145	0.70	4	0.9695	0.7500	0.5172	0.6122
Drone	145	0.75	4	0.9662	0.7222	0.4483	0.5532
Drone	145	0.80	4	0.9662	0.7500	0.4138	0.5333
Drone	145	0.85	4	0.9646	0.7333	0.3793	0.5000
Drone	145	0.90	4	0.9614	0.7273	0.2759	0.4000
Drone	145	0.95	4	0.9598	0.7500	0.2069	0.3243
Drone	145	1.00	4	0.9534	0.0000	0.0000	0.0000
NanoTech	155	0.00	0	0.0498	0.0498	1.0000	0.0948
NanoTech	155	0.05	0	0.0963	0.0522	1.0000	0.0992
NanoTech	155	0.10	0	0.9438	0.4688	0.9677	0.6316
NanoTech	155	0.15	0	0.9807	0.7436	0.9355	0.8286
NanoTech	155	0.20	0	0.9839	0.8000	0.9032	0.8485
NanoTech	155	0.25	0	0.9823	0.7941	0.8710	0.8308
NanoTech	155	0.30	0	0.9807	0.7879	0.8387	0.8125
NanoTech	155	0.35	0	0.9791	0.7812	0.8065	0.7937
NanoTech	155	0.40	0	0.9823	0.8333	0.8065	0.8197
NanoTech	155	0.45	0	0.9839	0.8621	0.8065	0.8333
NanoTech	155	0.50	0	0.9791	0.8462	0.7097	0.7719
NanoTech	155	0.55	0	0.9823	0.9167	0.7097	0.8000
NanoTech	155	0.60	0	0.9807	0.9130	0.6774	0.7778
NanoTech	155	0.65	0	0.9727	0.8889	0.5161	0.6531
NanoTech	155	0.70	0	0.9663	0.8571	0.3871	0.5333
NanoTech	155	0.75	0	0.9647	0.8462	0.3548	0.5000
NanoTech	155	0.80	0	0.9583	0.7778	0.2258	0.3500
NanoTech	155	0.85	0	0.9551	0.7143	0.1613	0.2632
NanoTech	155	0.90	0	0.9518	0.6000	0.0968	0.1667
NanoTech	155	0.95	0	0.9502	0.5000	0.0645	0.1143
NanoTech	155	1.00	0	0.9502	0.0000	0.0000	0.0000
NanoTech	155	0.00	1	0.0498	0.0498	1.0000	0.0948
NanoTech	155	0.05	1	0.1268	0.0539	1.0000	0.1023
NanoTech	155	0.10	1	0.9037	0.3407	1.0000	0.5082
NanoTech	155	0.15	1	0.9679	0.6078	1.0000	0.7561
NanoTech	155	0.20	1	0.9839	0.7561	1.0000	0.8611
NanoTech	155	0.25	1	0.9823	0.7500	0.9677	0.8451
NanoTech	155	0.30	1	0.9807	0.7568	0.9032	0.8235
NanoTech	155	0.35	1	0.9839	0.8000	0.9032	0.8485
NanoTech	155	0.40	1	0.9856	0.8438	0.8710	0.8571
NanoTech	155	0.45	1	0.9839	0.8387	0.8387	0.8387
NanoTech	155	0.50	1	0.9823	0.8333	0.8065	0.8197
NanoTech	155	0.55	1	0.9807	0.8800	0.7097	0.7857
NanoTech	155	0.60	1	0.9807	0.9130	0.6774	0.7778
NanoTech	155	0.65	1	0.9775	0.9048	0.6129	0.7308
NanoTech	155	0.70	1	0.9743	0.9412	0.5161	0.6667
NanoTech	155	0.75	1	0.9711	0.9333	0.4516	0.6087
NanoTech	155	0.80	1	0.9679	0.9231	0.3871	0.5455
NanoTech	155	0.85	1	0.9599	1.0000	0.1935	0.3243
NanoTech	155	0.90	1	0.9599	1.0000	0.1935	0.3243
NanoTech	155	0.95	1	0.9535	1.0000	0.0645	0.1212
NanoTech	155	1.00	1	0.9502	0.0000	0.0000	0.0000
NanoTech	155	0.00	2	0.0498	0.0498	1.0000	0.0948
NanoTech	155	0.05	2	0.1477	0.0552	1.0000	0.1046
NanoTech	155	0.10	2	0.9631	0.5741	1.0000	0.7294
NanoTech	155	0.15	2	0.9856	0.8056	0.9355	0.8657
NanoTech	155	0.20	2	0.9872	0.8286	0.9355	0.8788
NanoTech	155	0.25	2	0.9823	0.8571	0.7742	0.8136
NanoTech	155	0.30	2	0.9807	0.8519	0.7419	0.7931
NanoTech	155	0.35	2	0.9791	0.8462	0.7097	0.7719
NanoTech	155	0.40	2	0.9775	0.8696	0.6452	0.7407
NanoTech	155	0.45	2	0.9743	0.8571	0.5806	0.6923
NanoTech	155	0.50	2	0.9711	0.8421	0.5161	0.6400
NanoTech	155	0.55	2	0.9695	0.8333	0.4839	0.6122
NanoTech	155	0.60	2	0.9695	0.8333	0.4839	0.6122
NanoTech	155	0.65	2	0.9711	0.8824	0.4839	0.6250
NanoTech	155	0.70	2	0.9695	0.8750	0.4516	0.5957
NanoTech	155	0.75	2	0.9663	0.8571	0.3871	0.5333
NanoTech	155	0.80	2	0.9647	0.9091	0.3226	0.4762
NanoTech	155	0.85	2	0.9567	0.8333	0.1613	0.2703
NanoTech	155	0.90	2	0.9518	1.0000	0.0323	0.0625
NanoTech	155	0.95	2	0.9518	1.0000	0.0323	0.0625
NanoTech	155	1.00	2	0.9502	0.0000	0.0000	0.0000
NanoTech	155	0.00	3	0.0498	0.0498	1.0000	0.0948
NanoTech	155	0.05	3	0.1589	0.0559	1.0000	0.1058
NanoTech	155	0.10	3	0.9262	0.4000	0.9677	0.5660
NanoTech	155	0.15	3	0.9695	0.6304	0.9355	0.7532
NanoTech	155	0.20	3	0.9775	0.7073	0.9355	0.8056
NanoTech	155	0.25	3	0.9823	0.7778	0.9032	0.8358
NanoTech	155	0.30	3	0.9839	0.8182	0.8710	0.8438
NanoTech	155	0.35	3	0.9807	0.8276	0.7742	0.8000
NanoTech	155	0.40	3	0.9807	0.8519	0.7419	0.7931
NanoTech	155	0.45	3	0.9775	0.8696	0.6452	0.7407
NanoTech	155	0.50	3	0.9759	0.8636	0.6129	0.7170
NanoTech	155	0.55	3	0.9759	0.8636	0.6129	0.7170
NanoTech	155	0.60	3	0.9759	0.8636	0.6129	0.7170
NanoTech	155	0.65	3	0.9711	0.8421	0.5161	0.6400
NanoTech	155	0.70	3	0.9695	0.8333	0.4839	0.6122
NanoTech	155	0.75	3	0.9631	0.8333	0.3226	0.4651
NanoTech	155	0.80	3	0.9615	0.8182	0.2903	0.4286
NanoTech	155	0.85	3	0.9599	0.8000	0.2581	0.3902
NanoTech	155	0.90	3	0.9551	0.8000	0.1290	0.2222
NanoTech	155	0.95	3	0.9518	0.6667	0.0645	0.1176
NanoTech	155	1.00	3	0.9502	0.0000	0.0000	0.0000
NanoTech	155	0.00	4	0.0498	0.0498	1.0000	0.0949
NanoTech	155	0.05	4	0.1383	0.0547	1.0000	0.1037
NanoTech	155	0.10	4	0.9325	0.4225	0.9677	0.5882
NanoTech	155	0.15	4	0.9743	0.6667	0.9677	0.7895
NanoTech	155	0.20	4	0.9839	0.7838	0.9355	0.8529
NanoTech	155	0.25	4	0.9855	0.8235	0.9032	0.8615
NanoTech	155	0.30	4	0.9871	0.8485	0.9032	0.8750
NanoTech	155	0.35	4	0.9807	0.8276	0.7742	0.8000
NanoTech	155	0.40	4	0.9823	0.8571	0.7742	0.8136
NanoTech	155	0.45	4	0.9839	0.8889	0.7742	0.8276
NanoTech	155	0.50	4	0.9807	0.9130	0.6774	0.7778
NanoTech	155	0.55	4	0.9791	0.9500	0.6129	0.7451
NanoTech	155	0.60	4	0.9727	0.9375	0.4839	0.6383
NanoTech	155	0.65	4	0.9727	0.9375	0.4839	0.6383
NanoTech	155	0.70	4	0.9678	1.0000	0.3548	0.5238
NanoTech	155	0.75	4	0.9662	1.0000	0.3226	0.4878
NanoTech	155	0.80	4	0.9662	1.0000	0.3226	0.4878
NanoTech	155	0.85	4	0.9630	1.0000	0.2581	0.4103
NanoTech	155	0.90	4	0.9566	1.0000	0.1290	0.2286
NanoTech	155	0.95	4	0.9550	1.0000	0.0968	0.1765
NanoTech	155	1.00	4	0.9502	0.0000	0.0000	0.0000
Manufacturing	150	0.00	0	0.0482	0.0482	1.0000	0.0919
Manufacturing	150	0.05	0	0.0626	0.0489	1.0000	0.0932
Manufacturing	150	0.10	0	0.8555	0.2368	0.9000	0.3750
Manufacturing	150	0.15	0	0.9502	0.4909	0.9000	0.6353
Manufacturing	150	0.20	0	0.9647	0.6000	0.8000	0.6857
Manufacturing	150	0.25	0	0.9775	0.7500	0.8000	0.7742
Manufacturing	150	0.30	0	0.9759	0.7586	0.7333	0.7458
Manufacturing	150	0.35	0	0.9743	0.7500	0.7000	0.7241
Manufacturing	150	0.40	0	0.9743	0.7692	0.6667	0.7143
Manufacturing	150	0.45	0	0.9743	0.7917	0.6333	0.7037
Manufacturing	150	0.50	0	0.9695	0.7895	0.5000	0.6122
Manufacturing	150	0.55	0	0.9647	0.7500	0.4000	0.5217
Manufacturing	150	0.60	0	0.9631	0.7692	0.3333	0.4651
Manufacturing	150	0.65	0	0.9615	0.8000	0.2667	0.4000
Manufacturing	150	0.70	0	0.9567	0.7143	0.1667	0.2703
Manufacturing	150	0.75	0	0.9567	0.7143	0.1667	0.2703
Manufacturing	150	0.80	0	0.9583	0.8333	0.1667	0.2778
Manufacturing	150	0.85	0	0.9583	1.0000	0.1333	0.2353
Manufacturing	150	0.90	0	0.9567	1.0000	0.1000	0.1818
Manufacturing	150	0.95	0	0.9551	1.0000	0.0667	0.1250
Manufacturing	150	1.00	0	0.9518	0.0000	0.0000	0.0000
Manufacturing	150	0.00	1	0.0482	0.0482	1.0000	0.0919
Manufacturing	150	0.05	1	0.0851	0.0485	0.9667	0.0924
Manufacturing	150	0.10	1	0.7624	0.1488	0.8333	0.2525
Manufacturing	150	0.15	1	0.9101	0.3289	0.8333	0.4717
Manufacturing	150	0.20	1	0.9262	0.3750	0.8000	0.5106
Manufacturing	150	0.25	1	0.9358	0.4107	0.7667	0.5349
Manufacturing	150	0.30	1	0.9438	0.4490	0.7333	0.5570
Manufacturing	150	0.35	1	0.9486	0.4773	0.7000	0.5676
Manufacturing	150	0.40	1	0.9486	0.4737	0.6000	0.5294
Manufacturing	150	0.45	1	0.9502	0.4857	0.5667	0.5231
Manufacturing	150	0.50	1	0.9470	0.4516	0.4667	0.4590
Manufacturing	150	0.55	1	0.9470	0.4400	0.3667	0.4000
Manufacturing	150	0.60	1	0.9502	0.4783	0.3667	0.4151
Manufacturing	150	0.65	1	0.9535	0.5238	0.3667	0.4314
Manufacturing	150	0.70	1	0.9551	0.5625	0.3000	0.3913
Manufacturing	150	0.75	1	0.9551	0.5714	0.2667	0.3636
Manufacturing	150	0.80	1	0.9518	0.5000	0.2000	0.2857
Manufacturing	150	0.85	1	0.9551	0.6250	0.1667	0.2632
Manufacturing	150	0.90	1	0.9535	0.6667	0.0667	0.1212
Manufacturing	150	0.95	1	0.9535	1.0000	0.0333	0.0645
Manufacturing	150	1.00	1	0.9518	0.0000	0.0000	0.0000
Manufacturing	150	0.00	2	0.0482	0.0482	1.0000	0.0919
Manufacturing	150	0.05	2	0.0722	0.0493	1.0000	0.0940
Manufacturing	150	0.10	2	0.8042	0.1618	0.7333	0.2651
Manufacturing	150	0.15	2	0.9085	0.2923	0.6333	0.4000
Manufacturing	150	0.20	2	0.9213	0.3333	0.6333	0.4368
Manufacturing	150	0.25	2	0.9246	0.3396	0.6000	0.4337
Manufacturing	150	0.30	2	0.9374	0.4000	0.6000	0.4800
Manufacturing	150	0.35	2	0.9406	0.4146	0.5667	0.4789
Manufacturing	150	0.40	2	0.9454	0.4444	0.5333	0.4848
Manufacturing	150	0.45	2	0.9454	0.4412	0.5000	0.4688
Manufacturing	150	0.50	2	0.9406	0.3871	0.4000	0.3934
Manufacturing	150	0.55	2	0.9390	0.3667	0.3667	0.3667
Manufacturing	150	0.60	2	0.9374	0.3333	0.3000	0.3158
Manufacturing	150	0.65	2	0.9358	0.2727	0.2000	0.2308
Manufacturing	150	0.70	2	0.9390	0.2778	0.1667	0.2083
Manufacturing	150	0.75	2	0.9374	0.2000	0.1000	0.1333
Manufacturing	150	0.80	2	0.9438	0.2727	0.1000	0.1463
Manufacturing	150	0.85	2	0.9438	0.2222	0.0667	0.1026
Manufacturing	150	0.90	2	0.9486	0.3333	0.0667	0.1111
Manufacturing	150	0.95	2	0.9502	0.0000	0.0000	0.0000
Manufacturing	150	1.00	2	0.9518	0.0000	0.0000	0.0000
Manufacturing	150	0.00	3	0.0482	0.0482	1.0000	0.0919
Manufacturing	150	0.05	3	0.0690	0.0492	1.0000	0.0938
Manufacturing	150	0.10	3	0.7657	0.1705	1.0000	0.2913
Manufacturing	150	0.15	3	0.9133	0.3537	0.9667	0.5179
Manufacturing	150	0.20	3	0.9358	0.4242	0.9333	0.5833
Manufacturing	150	0.25	3	0.9406	0.4426	0.9000	0.5934
Manufacturing	150	0.30	3	0.9438	0.4510	0.7667	0.5679
Manufacturing	150	0.35	3	0.9454	0.4565	0.7000	0.5526
Manufacturing	150	0.40	3	0.9406	0.4103	0.5333	0.4638
Manufacturing	150	0.45	3	0.9422	0.4118	0.4667	0.4375
Manufacturing	150	0.50	3	0.9454	0.4333	0.4333	0.4333
Manufacturing	150	0.55	3	0.9438	0.4000	0.3333	0.3636
Manufacturing	150	0.60	3	0.9470	0.4211	0.2667	0.3265
Manufacturing	150	0.65	3	0.9486	0.4444	0.2667	0.3333
Manufacturing	150	0.70	3	0.9518	0.5000	0.2667	0.3478
Manufacturing	150	0.75	3	0.9535	0.5455	0.2000	0.2927
Manufacturing	150	0.80	3	0.9567	0.6667	0.2000	0.3077
Manufacturing	150	0.85	3	0.9551	0.6250	0.1667	0.2632
Manufacturing	150	0.90	3	0.9551	0.6667	0.1333	0.2222
Manufacturing	150	0.95	3	0.9551	0.7500	0.1000	0.1765
Manufacturing	150	1.00	3	0.9518	0.0000	0.0000	0.0000
Manufacturing	150	0.00	4	0.0482	0.0482	1.0000	0.0920
Manufacturing	150	0.05	4	0.0707	0.0493	1.0000	0.0940
Manufacturing	150	0.10	4	0.7990	0.1895	0.9667	0.3169
Manufacturing	150	0.15	4	0.9148	0.3544	0.9333	0.5138
Manufacturing	150	0.20	4	0.9341	0.4127	0.8667	0.5591
Manufacturing	150	0.25	4	0.9325	0.4000	0.8000	0.5333
Manufacturing	150	0.30	4	0.9293	0.3793	0.7333	0.5000
Manufacturing	150	0.35	4	0.9309	0.3860	0.7333	0.5057
Manufacturing	150	0.40	4	0.9437	0.4419	0.6333	0.5205
Manufacturing	150	0.45	4	0.9437	0.4390	0.6000	0.5070
Manufacturing	150	0.50	4	0.9437	0.4324	0.5333	0.4776
Manufacturing	150	0.55	4	0.9437	0.4286	0.5000	0.4615
Manufacturing	150	0.60	4	0.9437	0.4138	0.4000	0.4068
Manufacturing	150	0.65	4	0.9486	0.4583	0.3667	0.4074
Manufacturing	150	0.70	4	0.9486	0.4444	0.2667	0.3333
Manufacturing	150	0.75	4	0.9518	0.5000	0.2333	0.3182
Manufacturing	150	0.80	4	0.9518	0.5000	0.2000	0.2857
Manufacturing	150	0.85	4	0.9518	0.5000	0.1333	0.2105
Manufacturing	150	0.90	4	0.9518	0.5000	0.0667	0.1176
Manufacturing	150	0.95	4	0.9534	0.6667	0.0667	0.1212
Manufacturing	150	1.00	4	0.9518	0.0000	0.0000	0.0000
Ecommerce	204	0.00	0	0.0658	0.0658	1.0000	0.1235
Ecommerce	204	0.05	0	0.0979	0.0680	1.0000	0.1273
Ecommerce	204	0.10	0	0.8860	0.3661	1.0000	0.5359
Ecommerce	204	0.15	0	0.9775	0.7455	1.0000	0.8542
Ecommerce	204	0.20	0	0.9888	0.8542	1.0000	0.9213
Ecommerce	204	0.25	0	0.9888	0.8864	0.9512	0.9176
Ecommerce	204	0.30	0	0.9888	0.8864	0.9512	0.9176
Ecommerce	204	0.35	0	0.9888	0.9048	0.9268	0.9157
Ecommerce	204	0.40	0	0.9888	0.9250	0.9024	0.9136
Ecommerce	204	0.45	0	0.9920	0.9737	0.9024	0.9367
Ecommerce	204	0.50	0	0.9920	0.9737	0.9024	0.9367
Ecommerce	204	0.55	0	0.9888	0.9722	0.8537	0.9091
Ecommerce	204	0.60	0	0.9856	0.9706	0.8049	0.8800
Ecommerce	204	0.65	0	0.9823	0.9688	0.7561	0.8493
Ecommerce	204	0.70	0	0.9807	0.9677	0.7317	0.8333
Ecommerce	204	0.75	0	0.9807	0.9677	0.7317	0.8333
Ecommerce	204	0.80	0	0.9807	0.9677	0.7317	0.8333
Ecommerce	204	0.85	0	0.9759	0.9643	0.6585	0.7826
Ecommerce	204	0.90	0	0.9679	0.9565	0.5366	0.6875
Ecommerce	204	0.95	0	0.9551	1.0000	0.3171	0.4815
Ecommerce	204	1.00	0	0.9342	0.0000	0.0000	0.0000
Ecommerce	204	0.00	1	0.0658	0.0658	1.0000	0.1235
Ecommerce	204	0.05	1	0.1669	0.0732	1.0000	0.1364
Ecommerce	204	0.10	1	0.9342	0.5000	0.9024	0.6435
Ecommerce	204	0.15	1	0.9775	0.8000	0.8780	0.8372
Ecommerce	204	0.20	1	0.9823	0.8750	0.8537	0.8642
Ecommerce	204	0.25	1	0.9872	0.9459	0.8537	0.8974
Ecommerce	204	0.30	1	0.9872	0.9459	0.8537	0.8974
Ecommerce	204	0.35	1	0.9823	0.9412	0.7805	0.8533
Ecommerce	204	0.40	1	0.9823	0.9412	0.7805	0.8533
Ecommerce	204	0.45	1	0.9807	0.9394	0.7561	0.8378
Ecommerce	204	0.50	1	0.9823	0.9688	0.7561	0.8493
Ecommerce	204	0.55	1	0.9807	0.9677	0.7317	0.8333
Ecommerce	204	0.60	1	0.9791	0.9667	0.7073	0.8169
Ecommerce	204	0.65	1	0.9759	0.9643	0.6585	0.7826
Ecommerce	204	0.70	1	0.9743	0.9630	0.6341	0.7647
Ecommerce	204	0.75	1	0.9695	1.0000	0.5366	0.6984
Ecommerce	204	0.80	1	0.9695	1.0000	0.5366	0.6984
Ecommerce	204	0.85	1	0.9631	1.0000	0.4390	0.6102
Ecommerce	204	0.90	1	0.9567	1.0000	0.3415	0.5091
Ecommerce	204	0.95	1	0.9486	1.0000	0.2195	0.3600
Ecommerce	204	1.00	1	0.9342	0.0000	0.0000	0.0000
Ecommerce	204	0.00	2	0.0658	0.0658	1.0000	0.1235
Ecommerce	204	0.05	2	0.1669	0.0717	0.9756	0.1336
Ecommerce	204	0.10	2	0.9631	0.6667	0.8780	0.7579
Ecommerce	204	0.15	2	0.9888	0.9722	0.8537	0.9091
Ecommerce	204	0.20	2	0.9888	0.9722	0.8537	0.9091
Ecommerce	204	0.25	2	0.9872	0.9714	0.8293	0.8947
Ecommerce	204	0.30	2	0.9856	0.9706	0.8049	0.8800
Ecommerce	204	0.35	2	0.9856	0.9706	0.8049	0.8800
Ecommerce	204	0.40	2	0.9839	0.9697	0.7805	0.8649
Ecommerce	204	0.45	2	0.9823	0.9688	0.7561	0.8493
Ecommerce	204	0.50	2	0.9823	0.9688	0.7561	0.8493
Ecommerce	204	0.55	2	0.9807	0.9677	0.7317	0.8333
Ecommerce	204	0.60	2	0.9807	0.9677	0.7317	0.8333
Ecommerce	204	0.65	2	0.9791	1.0000	0.6829	0.8116
Ecommerce	204	0.70	2	0.9759	1.0000	0.6341	0.7761
Ecommerce	204	0.75	2	0.9759	1.0000	0.6341	0.7761
Ecommerce	204	0.80	2	0.9743	1.0000	0.6098	0.7576
Ecommerce	204	0.85	2	0.9727	1.0000	0.5854	0.7385
Ecommerce	204	0.90	2	0.9695	1.0000	0.5366	0.6984
Ecommerce	204	0.95	2	0.9615	1.0000	0.4146	0.5862
Ecommerce	204	1.00	2	0.9342	0.0000	0.0000	0.0000
Ecommerce	204	0.00	3	0.0658	0.0658	1.0000	0.1235
Ecommerce	204	0.05	3	0.1140	0.0691	1.0000	0.1293
Ecommerce	204	0.10	3	0.8604	0.3145	0.9512	0.4727
Ecommerce	204	0.15	3	0.9567	0.6129	0.9268	0.7379
Ecommerce	204	0.20	3	0.9775	0.7755	0.9268	0.8444
Ecommerce	204	0.25	3	0.9856	0.8636	0.9268	0.8941
Ecommerce	204	0.30	3	0.9888	0.9250	0.9024	0.9136
Ecommerce	204	0.35	3	0.9904	0.9487	0.9024	0.9250
Ecommerce	204	0.40	3	0.9920	0.9737	0.9024	0.9367
Ecommerce	204	0.45	3	0.9920	0.9737	0.9024	0.9367
Ecommerce	204	0.50	3	0.9904	0.9730	0.8780	0.9231
Ecommerce	204	0.55	3	0.9904	0.9730	0.8780	0.9231
Ecommerce	204	0.60	3	0.9888	0.9722	0.8537	0.9091
Ecommerce	204	0.65	3	0.9872	0.9714	0.8293	0.8947
Ecommerce	204	0.70	3	0.9856	0.9706	0.8049	0.8800
Ecommerce	204	0.75	3	0.9856	1.0000	0.7805	0.8767
Ecommerce	204	0.80	3	0.9839	1.0000	0.7561	0.8611
Ecommerce	204	0.85	3	0.9823	1.0000	0.7317	0.8451
Ecommerce	204	0.90	3	0.9759	1.0000	0.6341	0.7761
Ecommerce	204	0.95	3	0.9615	1.0000	0.4146	0.5862
Ecommerce	204	1.00	3	0.9342	0.0000	0.0000	0.0000
Ecommerce	204	0.00	4	0.0643	0.0643	1.0000	0.1208
Ecommerce	204	0.05	4	0.1367	0.0693	1.0000	0.1297
Ecommerce	204	0.10	4	0.9068	0.4022	0.9250	0.5606
Ecommerce	204	0.15	4	0.9855	0.8605	0.9250	0.8916
Ecommerce	204	0.20	4	0.9936	0.9737	0.9250	0.9487
Ecommerce	204	0.25	4	0.9936	0.9737	0.9250	0.9487
Ecommerce	204	0.30	4	0.9936	0.9737	0.9250	0.9487
Ecommerce	204	0.35	4	0.9936	1.0000	0.9000	0.9474
Ecommerce	204	0.40	4	0.9904	1.0000	0.8500	0.9189
Ecommerce	204	0.45	4	0.9887	1.0000	0.8250	0.9041
Ecommerce	204	0.50	4	0.9887	1.0000	0.8250	0.9041
Ecommerce	204	0.55	4	0.9887	1.0000	0.8250	0.9041
Ecommerce	204	0.60	4	0.9839	1.0000	0.7500	0.8571
Ecommerce	204	0.65	4	0.9839	1.0000	0.7500	0.8571
Ecommerce	204	0.70	4	0.9807	1.0000	0.7000	0.8235
Ecommerce	204	0.75	4	0.9743	1.0000	0.6000	0.7500
Ecommerce	204	0.80	4	0.9727	1.0000	0.5750	0.7302
Ecommerce	204	0.85	4	0.9678	1.0000	0.5000	0.6667
Ecommerce	204	0.90	4	0.9630	1.0000	0.4250	0.5965
Ecommerce	204	0.95	4	0.9534	1.0000	0.2750	0.4314
Ecommerce	204	1.00	4	0.9357	0.0000	0.0000	0.0000
Artificial Intelligence	197	0.00	0	0.0641	0.0641	1.0000	0.1205
Artificial Intelligence	197	0.05	0	0.1234	0.0667	0.9750	0.1248
Artificial Intelligence	197	0.10	0	0.9295	0.4750	0.9500	0.6333
Artificial Intelligence	197	0.15	0	0.9792	0.8000	0.9000	0.8471
Artificial Intelligence	197	0.20	0	0.9872	0.9211	0.8750	0.8974
Artificial Intelligence	197	0.25	0	0.9888	0.9459	0.8750	0.9091
Artificial Intelligence	197	0.30	0	0.9872	0.9444	0.8500	0.8947
Artificial Intelligence	197	0.35	0	0.9872	0.9444	0.8500	0.8947
Artificial Intelligence	197	0.40	0	0.9888	0.9714	0.8500	0.9067
Artificial Intelligence	197	0.45	0	0.9904	1.0000	0.8500	0.9189
Artificial Intelligence	197	0.50	0	0.9888	1.0000	0.8250	0.9041
Artificial Intelligence	197	0.55	0	0.9872	1.0000	0.8000	0.8889
Artificial Intelligence	197	0.60	0	0.9856	1.0000	0.7750	0.8732
Artificial Intelligence	197	0.65	0	0.9824	1.0000	0.7250	0.8406
Artificial Intelligence	197	0.70	0	0.9808	1.0000	0.7000	0.8235
Artificial Intelligence	197	0.75	0	0.9808	1.0000	0.7000	0.8235
Artificial Intelligence	197	0.80	0	0.9792	1.0000	0.6750	0.8060
Artificial Intelligence	197	0.85	0	0.9696	1.0000	0.5250	0.6885
Artificial Intelligence	197	0.90	0	0.9663	1.0000	0.4750	0.6441
Artificial Intelligence	197	0.95	0	0.9599	1.0000	0.3750	0.5455
Artificial Intelligence	197	1.00	0	0.9359	0.0000	0.0000	0.0000
Artificial Intelligence	197	0.00	1	0.0641	0.0641	1.0000	0.1205
Artificial Intelligence	197	0.05	1	0.1154	0.0676	1.0000	0.1266
Artificial Intelligence	197	0.10	1	0.9295	0.4737	0.9000	0.6207
Artificial Intelligence	197	0.15	1	0.9535	0.5932	0.8750	0.7071
Artificial Intelligence	197	0.20	1	0.9792	0.8140	0.8750	0.8434
Artificial Intelligence	197	0.25	1	0.9824	0.8537	0.8750	0.8642
Artificial Intelligence	197	0.30	1	0.9840	0.8750	0.8750	0.8750
Artificial Intelligence	197	0.35	1	0.9872	0.9211	0.8750	0.8974
Artificial Intelligence	197	0.40	1	0.9888	0.9459	0.8750	0.9091
Artificial Intelligence	197	0.45	1	0.9888	0.9459	0.8750	0.9091
Artificial Intelligence	197	0.50	1	0.9840	0.9412	0.8000	0.8649
Artificial Intelligence	197	0.55	1	0.9840	0.9412	0.8000	0.8649
Artificial Intelligence	197	0.60	1	0.9840	0.9412	0.8000	0.8649
Artificial Intelligence	197	0.65	1	0.9824	0.9394	0.7750	0.8493
Artificial Intelligence	197	0.70	1	0.9776	0.9333	0.7000	0.8000
Artificial Intelligence	197	0.75	1	0.9744	0.9615	0.6250	0.7576
Artificial Intelligence	197	0.80	1	0.9728	0.9600	0.6000	0.7385
Artificial Intelligence	197	0.85	1	0.9696	0.9565	0.5500	0.6984
Artificial Intelligence	197	0.90	1	0.9663	0.9524	0.5000	0.6557
Artificial Intelligence	197	0.95	1	0.9551	0.9286	0.3250	0.4815
Artificial Intelligence	197	1.00	1	0.9359	0.0000	0.0000	0.0000
Artificial Intelligence	197	0.00	2	0.0627	0.0627	1.0000	0.1180
Artificial Intelligence	197	0.05	2	0.0868	0.0643	1.0000	0.1207
Artificial Intelligence	197	0.10	2	0.9469	0.5417	1.0000	0.7027
Artificial Intelligence	197	0.15	2	0.9839	0.8085	0.9744	0.8837
Artificial Intelligence	197	0.20	2	0.9904	0.9024	0.9487	0.9250
Artificial Intelligence	197	0.25	2	0.9904	0.9459	0.8974	0.9211
Artificial Intelligence	197	0.30	2	0.9855	0.9412	0.8205	0.8767
Artificial Intelligence	197	0.35	2	0.9839	0.9394	0.7949	0.8611
Artificial Intelligence	197	0.40	2	0.9839	0.9677	0.7692	0.8571
Artificial Intelligence	197	0.45	2	0.9839	0.9677	0.7692	0.8571
Artificial Intelligence	197	0.50	2	0.9807	0.9655	0.7179	0.8235
Artificial Intelligence	197	0.55	2	0.9807	0.9655	0.7179	0.8235
Artificial Intelligence	197	0.60	2	0.9791	0.9643	0.6923	0.8060
Artificial Intelligence	197	0.65	2	0.9775	0.9630	0.6667	0.7879
Artificial Intelligence	197	0.70	2	0.9743	0.9600	0.6154	0.7500
Artificial Intelligence	197	0.75	2	0.9678	0.9524	0.5128	0.6667
Artificial Intelligence	197	0.80	2	0.9662	0.9500	0.4872	0.6441
Artificial Intelligence	197	0.85	2	0.9630	0.9444	0.4359	0.5965
Artificial Intelligence	197	0.90	2	0.9614	0.9412	0.4103	0.5714
Artificial Intelligence	197	0.95	2	0.9518	1.0000	0.2308	0.3750
Artificial Intelligence	197	1.00	2	0.9373	0.0000	0.0000	0.0000
Artificial Intelligence	197	0.00	3	0.0627	0.0627	1.0000	0.1180
Artificial Intelligence	197	0.05	3	0.1077	0.0657	1.0000	0.1232
Artificial Intelligence	197	0.10	3	0.9437	0.5278	0.9744	0.6847
Artificial Intelligence	197	0.15	3	0.9743	0.7255	0.9487	0.8222
Artificial Intelligence	197	0.20	3	0.9904	0.9024	0.9487	0.9250
Artificial Intelligence	197	0.25	3	0.9920	0.9250	0.9487	0.9367
Artificial Intelligence	197	0.30	3	0.9936	0.9487	0.9487	0.9487
Artificial Intelligence	197	0.35	3	0.9936	0.9730	0.9231	0.9474
Artificial Intelligence	197	0.40	3	0.9920	0.9722	0.8974	0.9333
Artificial Intelligence	197	0.45	3	0.9904	0.9714	0.8718	0.9189
Artificial Intelligence	197	0.50	3	0.9904	0.9714	0.8718	0.9189
Artificial Intelligence	197	0.55	3	0.9871	0.9697	0.8205	0.8889
Artificial Intelligence	197	0.60	3	0.9839	0.9677	0.7692	0.8571
Artificial Intelligence	197	0.65	3	0.9823	0.9667	0.7436	0.8406
Artificial Intelligence	197	0.70	3	0.9791	1.0000	0.6667	0.8000
Artificial Intelligence	197	0.75	3	0.9775	1.0000	0.6410	0.7813
Artificial Intelligence	197	0.80	3	0.9759	1.0000	0.6154	0.7619
Artificial Intelligence	197	0.85	3	0.9727	1.0000	0.5641	0.7213
Artificial Intelligence	197	0.90	3	0.9695	1.0000	0.5128	0.6780
Artificial Intelligence	197	0.95	3	0.9566	1.0000	0.3077	0.4706
Artificial Intelligence	197	1.00	3	0.9373	0.0000	0.0000	0.0000
Artificial Intelligence	197	0.00	4	0.0627	0.0627	1.0000	0.1180
Artificial Intelligence	197	0.05	4	0.0836	0.0640	1.0000	0.1204
Artificial Intelligence	197	0.10	4	0.9373	0.5000	1.0000	0.6667
Artificial Intelligence	197	0.15	4	0.9711	0.6909	0.9744	0.8085
Artificial Intelligence	197	0.20	4	0.9839	0.8085	0.9744	0.8837
Artificial Intelligence	197	0.25	4	0.9904	0.8837	0.9744	0.9268
Artificial Intelligence	197	0.30	4	0.9920	0.9250	0.9487	0.9367
Artificial Intelligence	197	0.35	4	0.9920	0.9474	0.9231	0.9351
Artificial Intelligence	197	0.40	4	0.9936	0.9730	0.9231	0.9474
Artificial Intelligence	197	0.45	4	0.9936	0.9730	0.9231	0.9474
Artificial Intelligence	197	0.50	4	0.9936	0.9730	0.9231	0.9474
Artificial Intelligence	197	0.55	4	0.9871	0.9697	0.8205	0.8889
Artificial Intelligence	197	0.60	4	0.9839	0.9677	0.7692	0.8571
Artificial Intelligence	197	0.65	4	0.9839	0.9677	0.7692	0.8571
Artificial Intelligence	197	0.70	4	0.9807	0.9655	0.7179	0.8235
Artificial Intelligence	197	0.75	4	0.9791	1.0000	0.6667	0.8000
Artificial Intelligence	197	0.80	4	0.9791	1.0000	0.6667	0.8000
Artificial Intelligence	197	0.85	4	0.9759	1.0000	0.6154	0.7619
Artificial Intelligence	197	0.90	4	0.9727	1.0000	0.5641	0.7213
Artificial Intelligence	197	0.95	4	0.9678	1.0000	0.4872	0.6552
Artificial Intelligence	197	1.00	4	0.9373	0.0000	0.0000	0.0000
