LABEL	THRESHOLD	ACCURACY	PRECISION	RECALL	F1
BioTech	0.00	0.0594	0.0594	1.0000	0.1121
BioTech	0.05	0.8934	0.3689	0.9838	0.5324
BioTech	0.10	0.9258	0.4590	0.9784	0.6197
BioTech	0.15	0.9380	0.5048	0.9514	0.6539
BioTech	0.20	0.9493	0.5603	0.9297	0.6918
BioTech	0.25	0.9608	0.6270	0.9027	0.7336
BioTech	0.30	0.9704	0.7026	0.8973	0.7830
BioTech	0.35	0.9752	0.7534	0.8865	0.8096
BioTech	0.40	0.9785	0.7930	0.8811	0.8296
BioTech	0.45	0.9814	0.8285	0.8811	0.8492
BioTech	0.50	0.9827	0.8545	0.8648	0.8547
BioTech	0.55	0.9843	0.8745	0.8648	0.8659
BioTech	0.60	0.9846	0.8786	0.8648	0.8681
BioTech	0.65	0.9852	0.8884	0.8648	0.8731
BioTech	0.70	0.9852	0.8884	0.8648	0.8731
BioTech	0.75	0.9855	0.8944	0.8648	0.8757
BioTech	0.80	0.9855	0.8944	0.8648	0.8757
BioTech	0.85	0.9855	0.8944	0.8648	0.8757
BioTech	0.90	0.9855	0.8944	0.8648	0.8757
BioTech	0.95	0.9814	0.8954	0.7838	0.8332
BioTech	1.00	0.9406	0.0000	0.0000	0.0000
Smartphones	0.00	0.0636	0.0636	1.0000	0.1196
Smartphones	0.05	0.6801	0.1637	0.9795	0.2805
Smartphones	0.10	0.8616	0.3109	0.9491	0.4675
Smartphones	0.15	0.8950	0.3729	0.9135	0.5264
Smartphones	0.20	0.9043	0.4008	0.8728	0.5405
Smartphones	0.25	0.9156	0.4386	0.8171	0.5531
Smartphones	0.30	0.9262	0.4803	0.7868	0.5762
Smartphones	0.35	0.9345	0.5165	0.7564	0.5923
Smartphones	0.40	0.9403	0.5462	0.7212	0.6015
Smartphones	0.45	0.9490	0.6002	0.7058	0.6270
Smartphones	0.50	0.9531	0.6318	0.6806	0.6361
Smartphones	0.55	0.9618	0.7290	0.6806	0.6808
Smartphones	0.60	0.9628	0.7478	0.6604	0.6788
Smartphones	0.65	0.9647	0.7756	0.6504	0.6871
Smartphones	0.70	0.9666	0.8048	0.6454	0.6972
Smartphones	0.75	0.9692	0.8527	0.6354	0.7096
Smartphones	0.80	0.9698	0.8744	0.6203	0.7074
Smartphones	0.85	0.9711	0.9150	0.6203	0.7149
Smartphones	0.90	0.9701	0.9142	0.6051	0.7011
Smartphones	0.95	0.9685	0.9225	0.5699	0.6758
Smartphones	1.00	0.9364	0.0000	0.0000	0.0000
Internet of Things	0.00	0.0328	0.0328	1.0000	0.0634
Internet of Things	0.05	0.9082	0.2702	0.9510	0.4159
Internet of Things	0.10	0.9534	0.4149	0.9214	0.5688
Internet of Things	0.15	0.9679	0.5163	0.9119	0.6548
Internet of Things	0.20	0.9743	0.5916	0.8919	0.7013
Internet of Things	0.25	0.9795	0.6493	0.8919	0.7438
Internet of Things	0.30	0.9836	0.7081	0.8919	0.7845
Internet of Things	0.35	0.9846	0.7371	0.8719	0.7903
Internet of Things	0.40	0.9865	0.7751	0.8719	0.8110
Internet of Things	0.45	0.9881	0.8034	0.8719	0.8277
Internet of Things	0.50	0.9904	0.8478	0.8719	0.8536
Internet of Things	0.55	0.9910	0.8618	0.8719	0.8614
Internet of Things	0.60	0.9920	0.8894	0.8719	0.8742
Internet of Things	0.65	0.9926	0.9043	0.8719	0.8826
Internet of Things	0.70	0.9936	0.9311	0.8719	0.8956
Internet of Things	0.75	0.9942	0.9493	0.8719	0.9051
Internet of Things	0.80	0.9942	0.9493	0.8719	0.9051
Internet of Things	0.85	0.9942	0.9493	0.8719	0.9051
Internet of Things	0.90	0.9942	0.9493	0.8719	0.9051
Internet of Things	0.95	0.9939	0.9493	0.8619	0.8984
Internet of Things	1.00	0.9672	0.0000	0.0000	0.0000
Social Networks	0.00	0.1490	0.1490	1.0000	0.2594
Social Networks	0.05	0.7768	0.4018	0.9892	0.5708
Social Networks	0.10	0.8417	0.4876	0.9870	0.6519
Social Networks	0.15	0.9358	0.7084	0.9763	0.8203
Social Networks	0.20	0.9508	0.7746	0.9547	0.8543
Social Networks	0.25	0.9586	0.8160	0.9396	0.8725
Social Networks	0.30	0.9627	0.8514	0.9159	0.8810
Social Networks	0.35	0.9663	0.8707	0.9137	0.8905
Social Networks	0.40	0.9685	0.8861	0.9073	0.8959
Social Networks	0.45	0.9724	0.9102	0.9051	0.9072
Social Networks	0.50	0.9733	0.9218	0.8986	0.9096
Social Networks	0.55	0.9737	0.9261	0.8965	0.9105
Social Networks	0.60	0.9743	0.9307	0.8965	0.9126
Social Networks	0.65	0.9740	0.9326	0.8922	0.9112
Social Networks	0.70	0.9730	0.9344	0.8836	0.9073
Social Networks	0.75	0.9727	0.9342	0.8815	0.9060
Social Networks	0.80	0.9721	0.9360	0.8750	0.9033
Social Networks	0.85	0.9698	0.9377	0.8578	0.8943
Social Networks	0.90	0.9692	0.9597	0.8298	0.8886
Social Networks	0.95	0.9541	0.9709	0.7156	0.8215
Social Networks	1.00	0.8510	0.0000	0.0000	0.0000
Battery	0.00	0.0202	0.0202	1.0000	0.0397
Battery	0.05	0.9557	0.3246	0.9846	0.4840
Battery	0.10	0.9875	0.6349	0.9692	0.7638
Battery	0.15	0.9894	0.6918	0.9692	0.7987
Battery	0.20	0.9891	0.6878	0.9526	0.7904
Battery	0.25	0.9898	0.7012	0.9372	0.7958
Battery	0.30	0.9904	0.7127	0.9372	0.8044
Battery	0.35	0.9901	0.7109	0.9039	0.7912
Battery	0.40	0.9901	0.7109	0.9039	0.7912
Battery	0.45	0.9901	0.7109	0.9039	0.7912
Battery	0.50	0.9894	0.7049	0.8718	0.7729
Battery	0.55	0.9897	0.7112	0.8718	0.7774
Battery	0.60	0.9897	0.7112	0.8718	0.7774
Battery	0.65	0.9901	0.7279	0.8718	0.7848
Battery	0.70	0.9901	0.7279	0.8718	0.7848
Battery	0.75	0.9897	0.7238	0.8564	0.7767
Battery	0.80	0.9891	0.7255	0.8090	0.7513
Battery	0.85	0.9888	0.7255	0.7936	0.7400
Battery	0.90	0.9885	0.7230	0.7615	0.7249
Battery	0.95	0.9885	0.7454	0.6987	0.7061
Battery	1.00	0.9798	0.0000	0.0000	0.0000
Driverless Cars	0.00	0.0430	0.0430	1.0000	0.0825
Driverless Cars	0.05	0.9801	0.7182	0.9852	0.8206
Driverless Cars	0.10	0.9965	0.9527	0.9704	0.9600
Driverless Cars	0.15	0.9974	0.9723	0.9704	0.9705
Driverless Cars	0.20	0.9974	0.9723	0.9704	0.9705
Driverless Cars	0.25	0.9974	0.9723	0.9704	0.9705
Driverless Cars	0.30	0.9974	0.9723	0.9704	0.9705
Driverless Cars	0.35	0.9974	0.9723	0.9704	0.9705
Driverless Cars	0.40	0.9974	0.9723	0.9704	0.9705
Driverless Cars	0.45	0.9974	0.9723	0.9704	0.9705
Driverless Cars	0.50	0.9974	0.9723	0.9704	0.9705
Driverless Cars	0.55	0.9974	0.9723	0.9704	0.9705
Driverless Cars	0.60	0.9974	0.9723	0.9704	0.9705
Driverless Cars	0.65	0.9974	0.9723	0.9704	0.9705
Driverless Cars	0.70	0.9974	0.9723	0.9704	0.9705
Driverless Cars	0.75	0.9974	0.9723	0.9704	0.9705
Driverless Cars	0.80	0.9974	0.9723	0.9704	0.9705
Driverless Cars	0.85	0.9974	0.9723	0.9704	0.9705
Driverless Cars	0.90	0.9974	0.9723	0.9704	0.9705
Driverless Cars	0.95	0.9974	0.9723	0.9704	0.9705
Driverless Cars	1.00	0.9570	0.0000	0.0000	0.0000
Wearable Tech	0.00	0.0703	0.0703	1.0000	0.1314
Wearable Tech	0.05	0.7383	0.2128	0.9544	0.3457
Wearable Tech	0.10	0.9075	0.4345	0.9180	0.5868
Wearable Tech	0.15	0.9310	0.5143	0.9180	0.6558
Wearable Tech	0.20	0.9383	0.5461	0.9180	0.6810
Wearable Tech	0.25	0.9477	0.5979	0.8951	0.7115
Wearable Tech	0.30	0.9547	0.6452	0.8813	0.7381
Wearable Tech	0.35	0.9596	0.6852	0.8631	0.7559
Wearable Tech	0.40	0.9656	0.7376	0.8540	0.7829
Wearable Tech	0.45	0.9685	0.7654	0.8404	0.7929
Wearable Tech	0.50	0.9724	0.8095	0.8221	0.8092
Wearable Tech	0.55	0.9756	0.8465	0.8129	0.8247
Wearable Tech	0.60	0.9775	0.8757	0.7992	0.8327
Wearable Tech	0.65	0.9785	0.8888	0.7992	0.8385
Wearable Tech	0.70	0.9791	0.9054	0.7901	0.8405
Wearable Tech	0.75	0.9797	0.9203	0.7855	0.8432
Wearable Tech	0.80	0.9801	0.9252	0.7855	0.8453
Wearable Tech	0.85	0.9801	0.9252	0.7855	0.8453
Wearable Tech	0.90	0.9801	0.9252	0.7855	0.8453
Wearable Tech	0.95	0.9801	0.9340	0.7764	0.8434
Wearable Tech	1.00	0.9297	0.0000	0.0000	0.0000
Virtual Reality and Augmented Reality	0.00	0.0282	0.0282	1.0000	0.0550
Virtual Reality and Augmented Reality	0.05	0.8705	0.1817	0.9444	0.3011
Virtual Reality and Augmented Reality	0.10	0.9261	0.2792	0.9216	0.4211
Virtual Reality and Augmented Reality	0.15	0.9406	0.3125	0.8432	0.4471
Virtual Reality and Augmented Reality	0.20	0.9576	0.3943	0.8320	0.5263
Virtual Reality and Augmented Reality	0.25	0.9640	0.4407	0.8209	0.5648
Virtual Reality and Augmented Reality	0.30	0.9669	0.4669	0.8209	0.5852
Virtual Reality and Augmented Reality	0.35	0.9676	0.4725	0.8209	0.5898
Virtual Reality and Augmented Reality	0.40	0.9692	0.4913	0.8209	0.6025
Virtual Reality and Augmented Reality	0.45	0.9698	0.4980	0.8209	0.6077
Virtual Reality and Augmented Reality	0.50	0.9721	0.5249	0.8209	0.6270
Virtual Reality and Augmented Reality	0.55	0.9730	0.5376	0.8098	0.6313
Virtual Reality and Augmented Reality	0.60	0.9740	0.5503	0.7980	0.6368
Virtual Reality and Augmented Reality	0.65	0.9740	0.5533	0.7863	0.6332
Virtual Reality and Augmented Reality	0.70	0.9743	0.5529	0.7627	0.6289
Virtual Reality and Augmented Reality	0.75	0.9743	0.5657	0.7170	0.6145
Virtual Reality and Augmented Reality	0.80	0.9737	0.5487	0.6373	0.5702
Virtual Reality and Augmented Reality	0.85	0.9762	0.6199	0.5902	0.5724
Virtual Reality and Augmented Reality	0.90	0.9746	0.5981	0.4536	0.4913
Virtual Reality and Augmented Reality	0.95	0.9779	0.7081	0.3752	0.4670
Virtual Reality and Augmented Reality	1.00	0.9718	0.0000	0.0000	0.0000
Drone	0.00	0.0465	0.0465	1.0000	0.0890
Drone	0.05	0.9502	0.5003	0.9862	0.6580
Drone	0.10	0.9801	0.7156	0.9655	0.8200
Drone	0.15	0.9833	0.7560	0.9655	0.8451
Drone	0.20	0.9833	0.7579	0.9586	0.8440
Drone	0.25	0.9823	0.7537	0.9379	0.8330
Drone	0.30	0.9830	0.7610	0.9379	0.8379
Drone	0.35	0.9830	0.7610	0.9379	0.8379
Drone	0.40	0.9830	0.7610	0.9379	0.8379
Drone	0.45	0.9830	0.7610	0.9379	0.8379
Drone	0.50	0.9827	0.7593	0.9310	0.8342
Drone	0.55	0.9827	0.7593	0.9310	0.8342
Drone	0.60	0.9830	0.7631	0.9310	0.8365
Drone	0.65	0.9830	0.7631	0.9310	0.8365
Drone	0.70	0.9830	0.7631	0.9310	0.8365
Drone	0.75	0.9833	0.7707	0.9241	0.8382
Drone	0.80	0.9830	0.7696	0.9173	0.8345
Drone	0.85	0.9849	0.7974	0.9173	0.8505
Drone	0.90	0.9839	0.8011	0.8828	0.8355
Drone	0.95	0.9788	0.8197	0.7035	0.7539
Drone	1.00	0.9535	0.0000	0.0000	0.0000
NanoTech	0.00	0.0498	0.0498	1.0000	0.0948
NanoTech	0.05	0.9535	0.5407	0.9871	0.6906
NanoTech	0.10	0.9852	0.7781	0.9871	0.8696
NanoTech	0.15	0.9885	0.8219	0.9806	0.8940
NanoTech	0.20	0.9891	0.8308	0.9806	0.8992
NanoTech	0.25	0.9897	0.8402	0.9806	0.9045
NanoTech	0.30	0.9897	0.8402	0.9806	0.9045
NanoTech	0.35	0.9894	0.8392	0.9742	0.9013
NanoTech	0.40	0.9888	0.8372	0.9613	0.8944
NanoTech	0.45	0.9885	0.8364	0.9548	0.8911
NanoTech	0.50	0.9885	0.8364	0.9548	0.8911
NanoTech	0.55	0.9885	0.8364	0.9548	0.8911
NanoTech	0.60	0.9885	0.8364	0.9548	0.8911
NanoTech	0.65	0.9885	0.8364	0.9548	0.8911
NanoTech	0.70	0.9881	0.8353	0.9484	0.8877
NanoTech	0.75	0.9884	0.8404	0.9484	0.8905
NanoTech	0.80	0.9881	0.8393	0.9419	0.8868
NanoTech	0.85	0.9878	0.8386	0.9355	0.8834
NanoTech	0.90	0.9865	0.8474	0.8903	0.8667
NanoTech	0.95	0.9801	0.8672	0.7097	0.7748
NanoTech	1.00	0.9502	0.0000	0.0000	0.0000
Manufacturing	0.00	0.0482	0.0482	1.0000	0.0919
Manufacturing	0.05	0.8417	0.2292	0.9467	0.3681
Manufacturing	0.10	0.8927	0.3031	0.9066	0.4525
Manufacturing	0.15	0.9069	0.3317	0.8933	0.4821
Manufacturing	0.20	0.9146	0.3492	0.8667	0.4959
Manufacturing	0.25	0.9242	0.3773	0.8600	0.5231
Manufacturing	0.30	0.9345	0.4253	0.8533	0.5630
Manufacturing	0.35	0.9403	0.4524	0.8533	0.5863
Manufacturing	0.40	0.9444	0.4789	0.8333	0.5997
Manufacturing	0.45	0.9486	0.5039	0.8267	0.6169
Manufacturing	0.50	0.9508	0.5154	0.8267	0.6261
Manufacturing	0.55	0.9525	0.5280	0.8267	0.6349
Manufacturing	0.60	0.9538	0.5348	0.8267	0.6408
Manufacturing	0.65	0.9550	0.5423	0.8133	0.6430
Manufacturing	0.70	0.9573	0.5589	0.8067	0.6529
Manufacturing	0.75	0.9580	0.5633	0.7800	0.6488
Manufacturing	0.80	0.9592	0.5852	0.7267	0.6410
Manufacturing	0.85	0.9576	0.5835	0.6333	0.5946
Manufacturing	0.90	0.9592	0.6206	0.4800	0.5316
Manufacturing	0.95	0.9538	0.6214	0.1334	0.2188
Manufacturing	1.00	0.9518	0.0000	0.0000	0.0000
Ecommerce	0.00	0.0655	0.0655	1.0000	0.1230
Ecommerce	0.05	0.8979	0.4023	0.9558	0.5611
Ecommerce	0.10	0.9724	0.7322	0.9314	0.8171
Ecommerce	0.15	0.9833	0.8439	0.9217	0.8793
Ecommerce	0.20	0.9855	0.8721	0.9217	0.8943
Ecommerce	0.25	0.9881	0.9089	0.9168	0.9109
Ecommerce	0.30	0.9894	0.9246	0.9168	0.9194
Ecommerce	0.35	0.9901	0.9367	0.9119	0.9233
Ecommerce	0.40	0.9910	0.9501	0.9119	0.9299
Ecommerce	0.45	0.9914	0.9550	0.9119	0.9322
Ecommerce	0.50	0.9914	0.9550	0.9119	0.9322
Ecommerce	0.55	0.9917	0.9594	0.9119	0.9345
Ecommerce	0.60	0.9917	0.9638	0.9071	0.9340
Ecommerce	0.65	0.9917	0.9691	0.9022	0.9335
Ecommerce	0.70	0.9926	0.9841	0.9022	0.9405
Ecommerce	0.75	0.9930	0.9890	0.9022	0.9429
Ecommerce	0.80	0.9930	0.9890	0.9022	0.9429
Ecommerce	0.85	0.9926	0.9890	0.8973	0.9400
Ecommerce	0.90	0.9923	0.9890	0.8923	0.9374
Ecommerce	0.95	0.9920	0.9890	0.8873	0.9346
Ecommerce	1.00	0.9345	0.0000	0.0000	0.0000
Artificial Intelligence	0.00	0.0633	0.0633	1.0000	0.1190
Artificial Intelligence	0.05	0.9184	0.4421	0.9548	0.6009
Artificial Intelligence	0.10	0.9724	0.7216	0.9498	0.8169
Artificial Intelligence	0.15	0.9878	0.8892	0.9295	0.9065
Artificial Intelligence	0.20	0.9910	0.9301	0.9295	0.9288
Artificial Intelligence	0.25	0.9926	0.9536	0.9295	0.9406
Artificial Intelligence	0.30	0.9930	0.9590	0.9295	0.9430
Artificial Intelligence	0.35	0.9930	0.9590	0.9295	0.9430
Artificial Intelligence	0.40	0.9930	0.9590	0.9295	0.9430
Artificial Intelligence	0.45	0.9930	0.9590	0.9295	0.9430
Artificial Intelligence	0.50	0.9930	0.9590	0.9295	0.9430
Artificial Intelligence	0.55	0.9933	0.9639	0.9295	0.9455
Artificial Intelligence	0.60	0.9936	0.9691	0.9295	0.9480
Artificial Intelligence	0.65	0.9936	0.9691	0.9295	0.9480
Artificial Intelligence	0.70	0.9936	0.9691	0.9295	0.9480
Artificial Intelligence	0.75	0.9936	0.9691	0.9295	0.9480
Artificial Intelligence	0.80	0.9936	0.9691	0.9295	0.9480
Artificial Intelligence	0.85	0.9936	0.9691	0.9295	0.9480
Artificial Intelligence	0.90	0.9936	0.9691	0.9295	0.9480
Artificial Intelligence	0.95	0.9936	0.9691	0.9295	0.9480
Artificial Intelligence	1.00	0.9367	0.0000	0.0000	0.0000
