LABEL	POS_CNT	THRESHOLD	FOLD	ACCURACY	PRECISION	RECALL	F1
BioTech	185	0.00	0	0.0594	0.0594	1.0000	0.1121
BioTech	185	0.05	0	0.9390	0.4932	0.9730	0.6545
BioTech	185	0.10	0	0.9647	0.6316	0.9730	0.7660
BioTech	185	0.15	0	0.9695	0.6667	0.9730	0.7912
BioTech	185	0.20	0	0.9727	0.6923	0.9730	0.8090
BioTech	185	0.25	0	0.9727	0.7000	0.9459	0.8046
BioTech	185	0.30	0	0.9775	0.7447	0.9459	0.8333
BioTech	185	0.35	0	0.9791	0.7609	0.9459	0.8434
BioTech	185	0.40	0	0.9791	0.7727	0.9189	0.8395
BioTech	185	0.45	0	0.9791	0.7727	0.9189	0.8395
BioTech	185	0.50	0	0.9791	0.7727	0.9189	0.8395
BioTech	185	0.55	0	0.9807	0.7907	0.9189	0.8500
BioTech	185	0.60	0	0.9807	0.7907	0.9189	0.8500
BioTech	185	0.65	0	0.9807	0.7907	0.9189	0.8500
BioTech	185	0.70	0	0.9807	0.7907	0.9189	0.8500
BioTech	185	0.75	0	0.9807	0.7907	0.9189	0.8500
BioTech	185	0.80	0	0.9807	0.7907	0.9189	0.8500
BioTech	185	0.85	0	0.9807	0.7907	0.9189	0.8500
BioTech	185	0.90	0	0.9807	0.7907	0.9189	0.8500
BioTech	185	0.95	0	0.9759	0.7895	0.8108	0.8000
BioTech	185	1.00	0	0.9406	0.0000	0.0000	0.0000
BioTech	185	0.00	1	0.0594	0.0594	1.0000	0.1121
BioTech	185	0.05	1	0.8860	0.3426	1.0000	0.5103
BioTech	185	0.10	1	0.9230	0.4353	1.0000	0.6066
BioTech	185	0.15	1	0.9358	0.4805	1.0000	0.6491
BioTech	185	0.20	1	0.9470	0.5294	0.9730	0.6857
BioTech	185	0.25	1	0.9599	0.6000	0.9730	0.7423
BioTech	185	0.30	1	0.9743	0.7059	0.9730	0.8182
BioTech	185	0.35	1	0.9807	0.7778	0.9459	0.8537
BioTech	185	0.40	1	0.9856	0.8333	0.9459	0.8861
BioTech	185	0.45	1	0.9904	0.8974	0.9459	0.9211
BioTech	185	0.50	1	0.9936	0.9459	0.9459	0.9459
BioTech	185	0.55	1	0.9952	0.9722	0.9459	0.9589
BioTech	185	0.60	1	0.9952	0.9722	0.9459	0.9589
BioTech	185	0.65	1	0.9968	1.0000	0.9459	0.9722
BioTech	185	0.70	1	0.9968	1.0000	0.9459	0.9722
BioTech	185	0.75	1	0.9968	1.0000	0.9459	0.9722
BioTech	185	0.80	1	0.9968	1.0000	0.9459	0.9722
BioTech	185	0.85	1	0.9968	1.0000	0.9459	0.9722
BioTech	185	0.90	1	0.9968	1.0000	0.9459	0.9722
BioTech	185	0.95	1	0.9920	1.0000	0.8649	0.9275
BioTech	185	1.00	1	0.9406	0.0000	0.0000	0.0000
BioTech	185	0.00	2	0.0594	0.0594	1.0000	0.1121
BioTech	185	0.05	2	0.8604	0.2951	0.9730	0.4528
BioTech	185	0.10	2	0.9197	0.4235	0.9730	0.5902
BioTech	185	0.15	2	0.9294	0.4557	0.9730	0.6207
BioTech	185	0.20	2	0.9358	0.4795	0.9459	0.6364
BioTech	185	0.25	2	0.9551	0.5789	0.8919	0.7021
BioTech	185	0.30	2	0.9695	0.6875	0.8919	0.7765
BioTech	185	0.35	2	0.9759	0.7619	0.8649	0.8101
BioTech	185	0.40	2	0.9823	0.8421	0.8649	0.8533
BioTech	185	0.45	2	0.9872	0.9143	0.8649	0.8889
BioTech	185	0.50	2	0.9856	0.9375	0.8108	0.8696
BioTech	185	0.55	2	0.9856	0.9375	0.8108	0.8696
BioTech	185	0.60	2	0.9856	0.9375	0.8108	0.8696
BioTech	185	0.65	2	0.9856	0.9375	0.8108	0.8696
BioTech	185	0.70	2	0.9856	0.9375	0.8108	0.8696
BioTech	185	0.75	2	0.9872	0.9677	0.8108	0.8824
BioTech	185	0.80	2	0.9872	0.9677	0.8108	0.8824
BioTech	185	0.85	2	0.9872	0.9677	0.8108	0.8824
BioTech	185	0.90	2	0.9872	0.9677	0.8108	0.8824
BioTech	185	0.95	2	0.9807	0.9630	0.7027	0.8125
BioTech	185	1.00	2	0.9406	0.0000	0.0000	0.0000
BioTech	185	0.00	3	0.0594	0.0594	1.0000	0.1121
BioTech	185	0.05	3	0.9117	0.4000	0.9730	0.5669
BioTech	185	0.10	3	0.9262	0.4444	0.9730	0.6102
BioTech	185	0.15	3	0.9454	0.5254	0.8378	0.6458
BioTech	185	0.20	3	0.9615	0.6444	0.7838	0.7073
BioTech	185	0.25	3	0.9663	0.7105	0.7297	0.7200
BioTech	185	0.30	3	0.9711	0.7714	0.7297	0.7500
BioTech	185	0.35	3	0.9743	0.8182	0.7297	0.7714
BioTech	185	0.40	3	0.9759	0.8438	0.7297	0.7826
BioTech	185	0.45	3	0.9759	0.8438	0.7297	0.7826
BioTech	185	0.50	3	0.9743	0.8387	0.7027	0.7647
BioTech	185	0.55	3	0.9743	0.8387	0.7027	0.7647
BioTech	185	0.60	3	0.9743	0.8387	0.7027	0.7647
BioTech	185	0.65	3	0.9743	0.8387	0.7027	0.7647
BioTech	185	0.70	3	0.9743	0.8387	0.7027	0.7647
BioTech	185	0.75	3	0.9743	0.8387	0.7027	0.7647
BioTech	185	0.80	3	0.9743	0.8387	0.7027	0.7647
BioTech	185	0.85	3	0.9743	0.8387	0.7027	0.7647
BioTech	185	0.90	3	0.9743	0.8387	0.7027	0.7647
BioTech	185	0.95	3	0.9743	0.8387	0.7027	0.7647
BioTech	185	1.00	3	0.9406	0.0000	0.0000	0.0000
BioTech	185	0.00	4	0.0595	0.0595	1.0000	0.1123
BioTech	185	0.05	4	0.8698	0.3136	1.0000	0.4774
BioTech	185	0.10	4	0.8955	0.3600	0.9730	0.5255
BioTech	185	0.15	4	0.9100	0.3956	0.9730	0.5625
BioTech	185	0.20	4	0.9293	0.4557	0.9730	0.6207
BioTech	185	0.25	4	0.9502	0.5455	0.9730	0.6990
BioTech	185	0.30	4	0.9598	0.6034	0.9459	0.7368
BioTech	185	0.35	4	0.9662	0.6481	0.9459	0.7692
BioTech	185	0.40	4	0.9695	0.6731	0.9459	0.7865
BioTech	185	0.45	4	0.9743	0.7143	0.9459	0.8140
BioTech	185	0.50	4	0.9807	0.7778	0.9459	0.8537
BioTech	185	0.55	4	0.9855	0.8333	0.9459	0.8861
BioTech	185	0.60	4	0.9871	0.8537	0.9459	0.8974
BioTech	185	0.65	4	0.9887	0.8750	0.9459	0.9091
BioTech	185	0.70	4	0.9887	0.8750	0.9459	0.9091
BioTech	185	0.75	4	0.9887	0.8750	0.9459	0.9091
BioTech	185	0.80	4	0.9887	0.8750	0.9459	0.9091
BioTech	185	0.85	4	0.9887	0.8750	0.9459	0.9091
BioTech	185	0.90	4	0.9887	0.8750	0.9459	0.9091
BioTech	185	0.95	4	0.9839	0.8857	0.8378	0.8611
BioTech	185	1.00	4	0.9405	0.0000	0.0000	0.0000
Smartphones	198	0.00	0	0.0641	0.0641	1.0000	0.1205
Smartphones	198	0.05	0	0.6939	0.1732	1.0000	0.2952
Smartphones	198	0.10	0	0.8766	0.3391	0.9750	0.5032
Smartphones	198	0.15	0	0.8958	0.3786	0.9750	0.5455
Smartphones	198	0.20	0	0.8990	0.3861	0.9750	0.5532
Smartphones	198	0.25	0	0.9103	0.4149	0.9750	0.5821
Smartphones	198	0.30	0	0.9231	0.4512	0.9250	0.6066
Smartphones	198	0.35	0	0.9279	0.4667	0.8750	0.6087
Smartphones	198	0.40	0	0.9359	0.5000	0.8250	0.6226
Smartphones	198	0.45	0	0.9423	0.5323	0.8250	0.6471
Smartphones	198	0.50	0	0.9503	0.5789	0.8250	0.6804
Smartphones	198	0.55	0	0.9583	0.6346	0.8250	0.7174
Smartphones	198	0.60	0	0.9583	0.6400	0.8000	0.7111
Smartphones	198	0.65	0	0.9615	0.6667	0.8000	0.7273
Smartphones	198	0.70	0	0.9631	0.6809	0.8000	0.7356
Smartphones	198	0.75	0	0.9663	0.7209	0.7750	0.7470
Smartphones	198	0.80	0	0.9679	0.7500	0.7500	0.7500
Smartphones	198	0.85	0	0.9696	0.7692	0.7500	0.7595
Smartphones	198	0.90	0	0.9696	0.7692	0.7500	0.7595
Smartphones	198	0.95	0	0.9712	0.7895	0.7500	0.7692
Smartphones	198	1.00	0	0.9359	0.0000	0.0000	0.0000
Smartphones	198	0.00	1	0.0642	0.0642	1.0000	0.1207
Smartphones	198	0.05	1	0.6629	0.1600	1.0000	0.2759
Smartphones	198	0.10	1	0.8491	0.2923	0.9500	0.4471
Smartphones	198	0.15	1	0.8812	0.3426	0.9250	0.5000
Smartphones	198	0.20	1	0.8909	0.3571	0.8750	0.5072
Smartphones	198	0.25	1	0.8957	0.3596	0.8000	0.4961
Smartphones	198	0.30	1	0.9069	0.3902	0.8000	0.5246
Smartphones	198	0.35	1	0.9197	0.4306	0.7750	0.5536
Smartphones	198	0.40	1	0.9278	0.4615	0.7500	0.5714
Smartphones	198	0.45	1	0.9390	0.5172	0.7500	0.6122
Smartphones	198	0.50	1	0.9438	0.5490	0.7000	0.6154
Smartphones	198	0.55	1	0.9551	0.6364	0.7000	0.6667
Smartphones	198	0.60	1	0.9567	0.6512	0.7000	0.6747
Smartphones	198	0.65	1	0.9583	0.6750	0.6750	0.6750
Smartphones	198	0.70	1	0.9631	0.7297	0.6750	0.7013
Smartphones	198	0.75	1	0.9695	0.8387	0.6500	0.7324
Smartphones	198	0.80	1	0.9711	0.8667	0.6500	0.7429
Smartphones	198	0.85	1	0.9727	0.8966	0.6500	0.7536
Smartphones	198	0.90	1	0.9711	0.8929	0.6250	0.7353
Smartphones	198	0.95	1	0.9679	0.9167	0.5500	0.6875
Smartphones	198	1.00	1	0.9358	0.0000	0.0000	0.0000
Smartphones	198	0.00	2	0.0642	0.0642	1.0000	0.1207
Smartphones	198	0.05	2	0.6677	0.1619	1.0000	0.2787
Smartphones	198	0.10	2	0.8684	0.3279	1.0000	0.4938
Smartphones	198	0.15	2	0.8909	0.3679	0.9750	0.5342
Smartphones	198	0.20	2	0.8989	0.3838	0.9500	0.5468
Smartphones	198	0.25	2	0.9117	0.4138	0.9000	0.5669
Smartphones	198	0.30	2	0.9246	0.4533	0.8500	0.5913
Smartphones	198	0.35	2	0.9390	0.5152	0.8500	0.6415
Smartphones	198	0.40	2	0.9470	0.5614	0.8000	0.6598
Smartphones	198	0.45	2	0.9615	0.6667	0.8000	0.7273
Smartphones	198	0.50	2	0.9647	0.7143	0.7500	0.7317
Smartphones	198	0.55	2	0.9759	0.8571	0.7500	0.8000
Smartphones	198	0.60	2	0.9759	0.8788	0.7250	0.7945
Smartphones	198	0.65	2	0.9759	0.9032	0.7000	0.7887
Smartphones	198	0.70	2	0.9759	0.9310	0.6750	0.7826
Smartphones	198	0.75	2	0.9775	0.9643	0.6750	0.7941
Smartphones	198	0.80	2	0.9775	1.0000	0.6500	0.7879
Smartphones	198	0.85	2	0.9775	1.0000	0.6500	0.7879
Smartphones	198	0.90	2	0.9759	1.0000	0.6250	0.7692
Smartphones	198	0.95	2	0.9727	1.0000	0.5750	0.7302
Smartphones	198	1.00	2	0.9358	0.0000	0.0000	0.0000
Smartphones	198	0.00	3	0.0627	0.0627	1.0000	0.1180
Smartphones	198	0.05	3	0.6752	0.1590	0.9744	0.2734
Smartphones	198	0.10	3	0.8344	0.2681	0.9487	0.4181
Smartphones	198	0.15	3	0.8859	0.3491	0.9487	0.5103
Smartphones	198	0.20	3	0.8923	0.3571	0.8974	0.5109
Smartphones	198	0.25	3	0.9116	0.4048	0.8718	0.5528
Smartphones	198	0.30	3	0.9228	0.4400	0.8462	0.5789
Smartphones	198	0.35	3	0.9325	0.4776	0.8205	0.6038
Smartphones	198	0.40	3	0.9373	0.5000	0.7949	0.6139
Smartphones	198	0.45	3	0.9518	0.5849	0.7949	0.6739
Smartphones	198	0.50	3	0.9582	0.6327	0.7949	0.7045
Smartphones	198	0.55	3	0.9662	0.7045	0.7949	0.7470
Smartphones	198	0.60	3	0.9711	0.7692	0.7692	0.7692
Smartphones	198	0.65	3	0.9759	0.8333	0.7692	0.8000
Smartphones	198	0.70	3	0.9791	0.8824	0.7692	0.8219
Smartphones	198	0.75	3	0.9791	0.8824	0.7692	0.8219
Smartphones	198	0.80	3	0.9807	0.9091	0.7692	0.8333
Smartphones	198	0.85	3	0.9807	0.9091	0.7692	0.8333
Smartphones	198	0.90	3	0.9807	0.9091	0.7692	0.8333
Smartphones	198	0.95	3	0.9791	0.9062	0.7436	0.8169
Smartphones	198	1.00	3	0.9373	0.0000	0.0000	0.0000
Smartphones	198	0.00	4	0.0627	0.0627	1.0000	0.1180
Smartphones	198	0.05	4	0.7010	0.1644	0.9231	0.2791
Smartphones	198	0.10	4	0.8794	0.3269	0.8718	0.4755
Smartphones	198	0.15	4	0.9212	0.4265	0.7436	0.5421
Smartphones	198	0.20	4	0.9405	0.5200	0.6667	0.5843
Smartphones	198	0.25	4	0.9486	0.6000	0.5385	0.5676
Smartphones	198	0.30	4	0.9534	0.6667	0.5128	0.5797
Smartphones	198	0.35	4	0.9534	0.6923	0.4615	0.5538
Smartphones	198	0.40	4	0.9534	0.7083	0.4359	0.5397
Smartphones	198	0.45	4	0.9502	0.7000	0.3590	0.4746
Smartphones	198	0.50	4	0.9486	0.6842	0.3333	0.4483
Smartphones	198	0.55	4	0.9534	0.8125	0.3333	0.4727
Smartphones	198	0.60	4	0.9518	0.8000	0.3077	0.4444
Smartphones	198	0.65	4	0.9518	0.8000	0.3077	0.4444
Smartphones	198	0.70	4	0.9518	0.8000	0.3077	0.4444
Smartphones	198	0.75	4	0.9534	0.8571	0.3077	0.4528
Smartphones	198	0.80	4	0.9518	0.8462	0.2821	0.4231
Smartphones	198	0.85	4	0.9550	1.0000	0.2821	0.4400
Smartphones	198	0.90	4	0.9534	1.0000	0.2564	0.4082
Smartphones	198	0.95	4	0.9518	1.0000	0.2308	0.3750
Smartphones	198	1.00	4	0.9373	0.0000	0.0000	0.0000
Internet of Things	102	0.00	0	0.0337	0.0337	1.0000	0.0651
Internet of Things	102	0.05	0	0.9087	0.2692	1.0000	0.4242
Internet of Things	102	0.10	0	0.9615	0.4667	1.0000	0.6364
Internet of Things	102	0.15	0	0.9760	0.5833	1.0000	0.7368
Internet of Things	102	0.20	0	0.9792	0.6176	1.0000	0.7636
Internet of Things	102	0.25	0	0.9840	0.6774	1.0000	0.8077
Internet of Things	102	0.30	0	0.9920	0.8077	1.0000	0.8936
Internet of Things	102	0.35	0	0.9920	0.8077	1.0000	0.8936
Internet of Things	102	0.40	0	0.9920	0.8077	1.0000	0.8936
Internet of Things	102	0.45	0	0.9936	0.8400	1.0000	0.9130
Internet of Things	102	0.50	0	0.9936	0.8400	1.0000	0.9130
Internet of Things	102	0.55	0	0.9936	0.8400	1.0000	0.9130
Internet of Things	102	0.60	0	0.9952	0.8750	1.0000	0.9333
Internet of Things	102	0.65	0	0.9968	0.9130	1.0000	0.9545
Internet of Things	102	0.70	0	0.9968	0.9130	1.0000	0.9545
Internet of Things	102	0.75	0	0.9968	0.9130	1.0000	0.9545
Internet of Things	102	0.80	0	0.9968	0.9130	1.0000	0.9545
Internet of Things	102	0.85	0	0.9968	0.9130	1.0000	0.9545
Internet of Things	102	0.90	0	0.9968	0.9130	1.0000	0.9545
Internet of Things	102	0.95	0	0.9968	0.9130	1.0000	0.9545
Internet of Things	102	1.00	0	0.9663	0.0000	0.0000	0.0000
Internet of Things	102	0.00	1	0.0337	0.0337	1.0000	0.0651
Internet of Things	102	0.05	1	0.8990	0.2375	0.9048	0.3762
Internet of Things	102	0.10	1	0.9487	0.3830	0.8571	0.5294
Internet of Things	102	0.15	1	0.9599	0.4474	0.8095	0.5763
Internet of Things	102	0.20	1	0.9647	0.4857	0.8095	0.6071
Internet of Things	102	0.25	1	0.9712	0.5484	0.8095	0.6538
Internet of Things	102	0.30	1	0.9712	0.5484	0.8095	0.6538
Internet of Things	102	0.35	1	0.9728	0.5667	0.8095	0.6667
Internet of Things	102	0.40	1	0.9776	0.6296	0.8095	0.7083
Internet of Things	102	0.45	1	0.9840	0.7391	0.8095	0.7727
Internet of Things	102	0.50	1	0.9856	0.7727	0.8095	0.7907
Internet of Things	102	0.55	1	0.9872	0.8095	0.8095	0.8095
Internet of Things	102	0.60	1	0.9888	0.8500	0.8095	0.8293
Internet of Things	102	0.65	1	0.9888	0.8500	0.8095	0.8293
Internet of Things	102	0.70	1	0.9920	0.9444	0.8095	0.8718
Internet of Things	102	0.75	1	0.9920	0.9444	0.8095	0.8718
Internet of Things	102	0.80	1	0.9920	0.9444	0.8095	0.8718
Internet of Things	102	0.85	1	0.9920	0.9444	0.8095	0.8718
Internet of Things	102	0.90	1	0.9920	0.9444	0.8095	0.8718
Internet of Things	102	0.95	1	0.9920	0.9444	0.8095	0.8718
Internet of Things	102	1.00	1	0.9663	0.0000	0.0000	0.0000
Internet of Things	102	0.00	2	0.0322	0.0322	1.0000	0.0623
Internet of Things	102	0.05	2	0.9051	0.2468	0.9500	0.3918
Internet of Things	102	0.10	2	0.9534	0.4000	0.9000	0.5538
Internet of Things	102	0.15	2	0.9662	0.4865	0.9000	0.6316
Internet of Things	102	0.20	2	0.9743	0.5667	0.8500	0.6800
Internet of Things	102	0.25	2	0.9823	0.6800	0.8500	0.7556
Internet of Things	102	0.30	2	0.9855	0.7391	0.8500	0.7907
Internet of Things	102	0.35	2	0.9855	0.7619	0.8000	0.7805
Internet of Things	102	0.40	2	0.9904	0.8889	0.8000	0.8421
Internet of Things	102	0.45	2	0.9904	0.8889	0.8000	0.8421
Internet of Things	102	0.50	2	0.9904	0.8889	0.8000	0.8421
Internet of Things	102	0.55	2	0.9904	0.8889	0.8000	0.8421
Internet of Things	102	0.60	2	0.9904	0.8889	0.8000	0.8421
Internet of Things	102	0.65	2	0.9904	0.8889	0.8000	0.8421
Internet of Things	102	0.70	2	0.9904	0.8889	0.8000	0.8421
Internet of Things	102	0.75	2	0.9904	0.8889	0.8000	0.8421
Internet of Things	102	0.80	2	0.9904	0.8889	0.8000	0.8421
Internet of Things	102	0.85	2	0.9904	0.8889	0.8000	0.8421
Internet of Things	102	0.90	2	0.9904	0.8889	0.8000	0.8421
Internet of Things	102	0.95	2	0.9904	0.8889	0.8000	0.8421
Internet of Things	102	1.00	2	0.9678	0.0000	0.0000	0.0000
Internet of Things	102	0.00	3	0.0322	0.0322	1.0000	0.0623
Internet of Things	102	0.05	3	0.8762	0.2062	1.0000	0.3419
Internet of Things	102	0.10	3	0.9373	0.3390	1.0000	0.5063
Internet of Things	102	0.15	3	0.9582	0.4348	1.0000	0.6061
Internet of Things	102	0.20	3	0.9662	0.4878	1.0000	0.6557
Internet of Things	102	0.25	3	0.9727	0.5405	1.0000	0.7018
Internet of Things	102	0.30	3	0.9823	0.6452	1.0000	0.7843
Internet of Things	102	0.35	3	0.9839	0.6667	1.0000	0.8000
Internet of Things	102	0.40	3	0.9839	0.6667	1.0000	0.8000
Internet of Things	102	0.45	3	0.9839	0.6667	1.0000	0.8000
Internet of Things	102	0.50	3	0.9920	0.8000	1.0000	0.8889
Internet of Things	102	0.55	3	0.9936	0.8333	1.0000	0.9091
Internet of Things	102	0.60	3	0.9936	0.8333	1.0000	0.9091
Internet of Things	102	0.65	3	0.9952	0.8696	1.0000	0.9302
Internet of Things	102	0.70	3	0.9968	0.9091	1.0000	0.9524
Internet of Things	102	0.75	3	1.0000	1.0000	1.0000	1.0000
Internet of Things	102	0.80	3	1.0000	1.0000	1.0000	1.0000
Internet of Things	102	0.85	3	1.0000	1.0000	1.0000	1.0000
Internet of Things	102	0.90	3	1.0000	1.0000	1.0000	1.0000
Internet of Things	102	0.95	3	1.0000	1.0000	1.0000	1.0000
Internet of Things	102	1.00	3	0.9678	0.0000	0.0000	0.0000
Internet of Things	102	0.00	4	0.0322	0.0322	1.0000	0.0623
Internet of Things	102	0.05	4	0.9518	0.3913	0.9000	0.5455
Internet of Things	102	0.10	4	0.9662	0.4857	0.8500	0.6182
Internet of Things	102	0.15	4	0.9791	0.6296	0.8500	0.7234
Internet of Things	102	0.20	4	0.9871	0.8000	0.8000	0.8000
Internet of Things	102	0.25	4	0.9871	0.8000	0.8000	0.8000
Internet of Things	102	0.30	4	0.9871	0.8000	0.8000	0.8000
Internet of Things	102	0.35	4	0.9887	0.8824	0.7500	0.8108
Internet of Things	102	0.40	4	0.9887	0.8824	0.7500	0.8108
Internet of Things	102	0.45	4	0.9887	0.8824	0.7500	0.8108
Internet of Things	102	0.50	4	0.9904	0.9375	0.7500	0.8333
Internet of Things	102	0.55	4	0.9904	0.9375	0.7500	0.8333
Internet of Things	102	0.60	4	0.9920	1.0000	0.7500	0.8571
Internet of Things	102	0.65	4	0.9920	1.0000	0.7500	0.8571
Internet of Things	102	0.70	4	0.9920	1.0000	0.7500	0.8571
Internet of Things	102	0.75	4	0.9920	1.0000	0.7500	0.8571
Internet of Things	102	0.80	4	0.9920	1.0000	0.7500	0.8571
Internet of Things	102	0.85	4	0.9920	1.0000	0.7500	0.8571
Internet of Things	102	0.90	4	0.9920	1.0000	0.7500	0.8571
Internet of Things	102	0.95	4	0.9904	1.0000	0.7000	0.8235
Internet of Things	102	1.00	4	0.9678	0.0000	0.0000	0.0000
Social Networks	464	0.00	0	0.1493	0.1493	1.0000	0.2598
Social Networks	464	0.05	0	0.7608	0.3833	0.9892	0.5526
Social Networks	464	0.10	0	0.8218	0.4554	0.9892	0.6237
Social Networks	464	0.15	0	0.9262	0.6741	0.9785	0.7982
Social Networks	464	0.20	0	0.9502	0.7768	0.9355	0.8488
Social Networks	464	0.25	0	0.9663	0.8673	0.9140	0.8901
Social Networks	464	0.30	0	0.9695	0.9111	0.8817	0.8962
Social Networks	464	0.35	0	0.9727	0.9318	0.8817	0.9061
Social Networks	464	0.40	0	0.9727	0.9318	0.8817	0.9061
Social Networks	464	0.45	0	0.9727	0.9318	0.8817	0.9061
Social Networks	464	0.50	0	0.9727	0.9318	0.8817	0.9061
Social Networks	464	0.55	0	0.9727	0.9318	0.8817	0.9061
Social Networks	464	0.60	0	0.9727	0.9318	0.8817	0.9061
Social Networks	464	0.65	0	0.9743	0.9425	0.8817	0.9111
Social Networks	464	0.70	0	0.9711	0.9518	0.8495	0.8977
Social Networks	464	0.75	0	0.9711	0.9518	0.8495	0.8977
Social Networks	464	0.80	0	0.9695	0.9512	0.8387	0.8914
Social Networks	464	0.85	0	0.9663	0.9615	0.8065	0.8772
Social Networks	464	0.90	0	0.9631	0.9861	0.7634	0.8606
Social Networks	464	0.95	0	0.9406	1.0000	0.6022	0.7517
Social Networks	464	1.00	0	0.8507	0.0000	0.0000	0.0000
Social Networks	464	0.00	1	0.1493	0.1493	1.0000	0.2598
Social Networks	464	0.05	1	0.8283	0.4650	1.0000	0.6348
Social Networks	464	0.10	1	0.8860	0.5671	1.0000	0.7237
Social Networks	464	0.15	1	0.9599	0.7881	1.0000	0.8815
Social Networks	464	0.20	1	0.9807	0.8932	0.9892	0.9388
Social Networks	464	0.25	1	0.9823	0.9020	0.9892	0.9436
Social Networks	464	0.30	1	0.9839	0.9109	0.9892	0.9485
Social Networks	464	0.35	1	0.9872	0.9293	0.9892	0.9583
Social Networks	464	0.40	1	0.9872	0.9381	0.9785	0.9579
Social Networks	464	0.45	1	0.9888	0.9479	0.9785	0.9630
Social Networks	464	0.50	1	0.9872	0.9474	0.9677	0.9574
Social Networks	464	0.55	1	0.9856	0.9468	0.9570	0.9519
Social Networks	464	0.60	1	0.9856	0.9468	0.9570	0.9519
Social Networks	464	0.65	1	0.9856	0.9468	0.9570	0.9519
Social Networks	464	0.70	1	0.9856	0.9468	0.9570	0.9519
Social Networks	464	0.75	1	0.9856	0.9468	0.9570	0.9519
Social Networks	464	0.80	1	0.9872	0.9570	0.9570	0.9570
Social Networks	464	0.85	1	0.9856	0.9565	0.9462	0.9514
Social Networks	464	0.90	1	0.9856	0.9884	0.9140	0.9497
Social Networks	464	0.95	1	0.9599	1.0000	0.7312	0.8447
Social Networks	464	1.00	1	0.8507	0.0000	0.0000	0.0000
Social Networks	464	0.00	2	0.1493	0.1493	1.0000	0.2598
Social Networks	464	0.05	2	0.7496	0.3725	0.9892	0.5412
Social Networks	464	0.10	2	0.8266	0.4623	0.9892	0.6301
Social Networks	464	0.15	2	0.9262	0.6767	0.9677	0.7965
Social Networks	464	0.20	2	0.9310	0.7016	0.9355	0.8018
Social Networks	464	0.25	2	0.9374	0.7288	0.9247	0.8152
Social Networks	464	0.30	2	0.9406	0.7414	0.9247	0.8230
Social Networks	464	0.35	2	0.9470	0.7727	0.9140	0.8374
Social Networks	464	0.40	2	0.9583	0.8252	0.9140	0.8673
Social Networks	464	0.45	2	0.9679	0.8842	0.9032	0.8936
Social Networks	464	0.50	2	0.9759	0.9432	0.8925	0.9171
Social Networks	464	0.55	2	0.9791	0.9651	0.8925	0.9274
Social Networks	464	0.60	2	0.9823	0.9881	0.8925	0.9379
Social Networks	464	0.65	2	0.9823	0.9881	0.8925	0.9379
Social Networks	464	0.70	2	0.9823	0.9881	0.8925	0.9379
Social Networks	464	0.75	2	0.9823	0.9881	0.8925	0.9379
Social Networks	464	0.80	2	0.9807	0.9880	0.8817	0.9318
Social Networks	464	0.85	2	0.9775	0.9877	0.8602	0.9195
Social Networks	464	0.90	2	0.9743	0.9873	0.8387	0.9070
Social Networks	464	0.95	2	0.9567	0.9853	0.7204	0.8323
Social Networks	464	1.00	2	0.8507	0.0000	0.0000	0.0000
Social Networks	464	0.00	3	0.1493	0.1493	1.0000	0.2598
Social Networks	464	0.05	3	0.7657	0.3882	0.9892	0.5576
Social Networks	464	0.10	3	0.8475	0.4946	0.9892	0.6595
Social Networks	464	0.15	3	0.9454	0.7438	0.9677	0.8411
Social Networks	464	0.20	3	0.9518	0.7739	0.9570	0.8558
Social Networks	464	0.25	3	0.9599	0.8208	0.9355	0.8744
Social Networks	464	0.30	3	0.9647	0.8737	0.8925	0.8830
Social Networks	464	0.35	3	0.9663	0.8830	0.8925	0.8877
Social Networks	464	0.40	3	0.9695	0.9022	0.8925	0.8973
Social Networks	464	0.45	3	0.9775	0.9540	0.8925	0.9222
Social Networks	464	0.50	3	0.9759	0.9535	0.8817	0.9162
Social Networks	464	0.55	3	0.9759	0.9535	0.8817	0.9162
Social Networks	464	0.60	3	0.9759	0.9535	0.8817	0.9162
Social Networks	464	0.65	3	0.9727	0.9524	0.8602	0.9040
Social Networks	464	0.70	3	0.9711	0.9518	0.8495	0.8977
Social Networks	464	0.75	3	0.9695	0.9512	0.8387	0.8914
Social Networks	464	0.80	3	0.9679	0.9506	0.8280	0.8851
Social Networks	464	0.85	3	0.9647	0.9494	0.8065	0.8721
Social Networks	464	0.90	3	0.9631	0.9605	0.7849	0.8639
Social Networks	464	0.95	3	0.9583	0.9589	0.7527	0.8434
Social Networks	464	1.00	3	0.8507	0.0000	0.0000	0.0000
Social Networks	464	0.00	4	0.1479	0.1479	1.0000	0.2577
Social Networks	464	0.05	4	0.7797	0.4000	0.9783	0.5678
Social Networks	464	0.10	4	0.8264	0.4588	0.9674	0.6224
Social Networks	464	0.15	4	0.9212	0.6593	0.9674	0.7841
Social Networks	464	0.20	4	0.9405	0.7273	0.9565	0.8263
Social Networks	464	0.25	4	0.9469	0.7611	0.9348	0.8390
Social Networks	464	0.30	4	0.9550	0.8200	0.8913	0.8542
Social Networks	464	0.35	4	0.9582	0.8367	0.8913	0.8632
Social Networks	464	0.40	4	0.9550	0.8333	0.8696	0.8511
Social Networks	464	0.45	4	0.9550	0.8333	0.8696	0.8511
Social Networks	464	0.50	4	0.9550	0.8333	0.8696	0.8511
Social Networks	464	0.55	4	0.9550	0.8333	0.8696	0.8511
Social Networks	464	0.60	4	0.9550	0.8333	0.8696	0.8511
Social Networks	464	0.65	4	0.9550	0.8333	0.8696	0.8511
Social Networks	464	0.70	4	0.9550	0.8333	0.8696	0.8511
Social Networks	464	0.75	4	0.9550	0.8333	0.8696	0.8511
Social Networks	464	0.80	4	0.9550	0.8333	0.8696	0.8511
Social Networks	464	0.85	4	0.9550	0.8333	0.8696	0.8511
Social Networks	464	0.90	4	0.9598	0.8764	0.8478	0.8619
Social Networks	464	0.95	4	0.9550	0.9103	0.7717	0.8353
Social Networks	464	1.00	4	0.8521	0.0000	0.0000	0.0000
Battery	63	0.00	0	0.0208	0.0208	1.0000	0.0408
Battery	63	0.05	0	0.9519	0.3023	1.0000	0.4643
Battery	63	0.10	0	0.9792	0.5000	0.9231	0.6486
Battery	63	0.15	0	0.9792	0.5000	0.9231	0.6486
Battery	63	0.20	0	0.9792	0.5000	0.9231	0.6486
Battery	63	0.25	0	0.9824	0.5455	0.9231	0.6857
Battery	63	0.30	0	0.9840	0.5714	0.9231	0.7059
Battery	63	0.35	0	0.9856	0.6000	0.9231	0.7273
Battery	63	0.40	0	0.9856	0.6000	0.9231	0.7273
Battery	63	0.45	0	0.9856	0.6000	0.9231	0.7273
Battery	63	0.50	0	0.9856	0.6000	0.9231	0.7273
Battery	63	0.55	0	0.9872	0.6316	0.9231	0.7500
Battery	63	0.60	0	0.9872	0.6316	0.9231	0.7500
Battery	63	0.65	0	0.9872	0.6316	0.9231	0.7500
Battery	63	0.70	0	0.9872	0.6316	0.9231	0.7500
Battery	63	0.75	0	0.9856	0.6111	0.8462	0.7097
Battery	63	0.80	0	0.9872	0.6471	0.8462	0.7333
Battery	63	0.85	0	0.9872	0.6471	0.8462	0.7333
Battery	63	0.90	0	0.9872	0.6667	0.7692	0.7143
Battery	63	0.95	0	0.9856	0.6429	0.6923	0.6667
Battery	63	1.00	0	0.9792	0.0000	0.0000	0.0000
Battery	63	0.00	1	0.0209	0.0209	1.0000	0.0409
Battery	63	0.05	1	0.9422	0.2653	1.0000	0.4194
Battery	63	0.10	1	0.9856	0.5909	1.0000	0.7429
Battery	63	0.15	1	0.9872	0.6190	1.0000	0.7647
Battery	63	0.20	1	0.9872	0.6190	1.0000	0.7647
Battery	63	0.25	1	0.9856	0.6000	0.9231	0.7273
Battery	63	0.30	1	0.9872	0.6316	0.9231	0.7500
Battery	63	0.35	1	0.9872	0.6316	0.9231	0.7500
Battery	63	0.40	1	0.9872	0.6316	0.9231	0.7500
Battery	63	0.45	1	0.9872	0.6316	0.9231	0.7500
Battery	63	0.50	1	0.9872	0.6316	0.9231	0.7500
Battery	63	0.55	1	0.9872	0.6316	0.9231	0.7500
Battery	63	0.60	1	0.9872	0.6316	0.9231	0.7500
Battery	63	0.65	1	0.9872	0.6316	0.9231	0.7500
Battery	63	0.70	1	0.9872	0.6316	0.9231	0.7500
Battery	63	0.75	1	0.9872	0.6316	0.9231	0.7500
Battery	63	0.80	1	0.9872	0.6316	0.9231	0.7500
Battery	63	0.85	1	0.9872	0.6316	0.9231	0.7500
Battery	63	0.90	1	0.9872	0.6316	0.9231	0.7500
Battery	63	0.95	1	0.9904	0.7333	0.8462	0.7857
Battery	63	1.00	1	0.9791	0.0000	0.0000	0.0000
Battery	63	0.00	2	0.0209	0.0209	1.0000	0.0409
Battery	63	0.05	2	0.9695	0.4000	0.9231	0.5581
Battery	63	0.10	2	0.9920	0.7500	0.9231	0.8276
Battery	63	0.15	2	0.9968	0.9231	0.9231	0.9231
Battery	63	0.20	2	0.9968	0.9231	0.9231	0.9231
Battery	63	0.25	2	0.9968	0.9231	0.9231	0.9231
Battery	63	0.30	2	0.9968	0.9231	0.9231	0.9231
Battery	63	0.35	2	0.9968	0.9231	0.9231	0.9231
Battery	63	0.40	2	0.9968	0.9231	0.9231	0.9231
Battery	63	0.45	2	0.9968	0.9231	0.9231	0.9231
Battery	63	0.50	2	0.9952	0.9167	0.8462	0.8800
Battery	63	0.55	2	0.9952	0.9167	0.8462	0.8800
Battery	63	0.60	2	0.9952	0.9167	0.8462	0.8800
Battery	63	0.65	2	0.9968	1.0000	0.8462	0.9167
Battery	63	0.70	2	0.9968	1.0000	0.8462	0.9167
Battery	63	0.75	2	0.9968	1.0000	0.8462	0.9167
Battery	63	0.80	2	0.9936	1.0000	0.6923	0.8182
Battery	63	0.85	2	0.9920	1.0000	0.6154	0.7619
Battery	63	0.90	2	0.9920	1.0000	0.6154	0.7619
Battery	63	0.95	2	0.9904	1.0000	0.5385	0.7000
Battery	63	1.00	2	0.9791	0.0000	0.0000	0.0000
Battery	63	0.00	3	0.0193	0.0193	1.0000	0.0379
Battery	63	0.05	3	0.9437	0.2553	1.0000	0.4068
Battery	63	0.10	3	0.9904	0.6667	1.0000	0.8000
Battery	63	0.15	3	0.9904	0.6667	1.0000	0.8000
Battery	63	0.20	3	0.9887	0.6471	0.9167	0.7586
Battery	63	0.25	3	0.9904	0.6875	0.9167	0.7857
Battery	63	0.30	3	0.9904	0.6875	0.9167	0.7857
Battery	63	0.35	3	0.9887	0.6667	0.8333	0.7407
Battery	63	0.40	3	0.9887	0.6667	0.8333	0.7407
Battery	63	0.45	3	0.9887	0.6667	0.8333	0.7407
Battery	63	0.50	3	0.9871	0.6429	0.7500	0.6923
Battery	63	0.55	3	0.9871	0.6429	0.7500	0.6923
Battery	63	0.60	3	0.9871	0.6429	0.7500	0.6923
Battery	63	0.65	3	0.9871	0.6429	0.7500	0.6923
Battery	63	0.70	3	0.9871	0.6429	0.7500	0.6923
Battery	63	0.75	3	0.9871	0.6429	0.7500	0.6923
Battery	63	0.80	3	0.9855	0.6154	0.6667	0.6400
Battery	63	0.85	3	0.9855	0.6154	0.6667	0.6400
Battery	63	0.90	3	0.9839	0.5833	0.5833	0.5833
Battery	63	0.95	3	0.9855	0.6364	0.5833	0.6087
Battery	63	1.00	3	0.9807	0.0000	0.0000	0.0000
Battery	63	0.00	4	0.0193	0.0193	1.0000	0.0379
Battery	63	0.05	4	0.9711	0.4000	1.0000	0.5714
Battery	63	0.10	4	0.9904	0.6667	1.0000	0.8000
Battery	63	0.15	4	0.9936	0.7500	1.0000	0.8571
Battery	63	0.20	4	0.9936	0.7500	1.0000	0.8571
Battery	63	0.25	4	0.9936	0.7500	1.0000	0.8571
Battery	63	0.30	4	0.9936	0.7500	1.0000	0.8571
Battery	63	0.35	4	0.9920	0.7333	0.9167	0.8148
Battery	63	0.40	4	0.9920	0.7333	0.9167	0.8148
Battery	63	0.45	4	0.9920	0.7333	0.9167	0.8148
Battery	63	0.50	4	0.9920	0.7333	0.9167	0.8148
Battery	63	0.55	4	0.9920	0.7333	0.9167	0.8148
Battery	63	0.60	4	0.9920	0.7333	0.9167	0.8148
Battery	63	0.65	4	0.9920	0.7333	0.9167	0.8148
Battery	63	0.70	4	0.9920	0.7333	0.9167	0.8148
Battery	63	0.75	4	0.9920	0.7333	0.9167	0.8148
Battery	63	0.80	4	0.9920	0.7333	0.9167	0.8148
Battery	63	0.85	4	0.9920	0.7333	0.9167	0.8148
Battery	63	0.90	4	0.9920	0.7333	0.9167	0.8148
Battery	63	0.95	4	0.9904	0.7143	0.8333	0.7692
Battery	63	1.00	4	0.9807	0.0000	0.0000	0.0000
Driverless Cars	134	0.00	0	0.0433	0.0433	1.0000	0.0831
Driverless Cars	134	0.05	0	0.9743	0.6279	1.0000	0.7714
Driverless Cars	134	0.10	0	0.9968	0.9310	1.0000	0.9643
Driverless Cars	134	0.15	0	1.0000	1.0000	1.0000	1.0000
Driverless Cars	134	0.20	0	1.0000	1.0000	1.0000	1.0000
Driverless Cars	134	0.25	0	1.0000	1.0000	1.0000	1.0000
Driverless Cars	134	0.30	0	1.0000	1.0000	1.0000	1.0000
Driverless Cars	134	0.35	0	1.0000	1.0000	1.0000	1.0000
Driverless Cars	134	0.40	0	1.0000	1.0000	1.0000	1.0000
Driverless Cars	134	0.45	0	1.0000	1.0000	1.0000	1.0000
Driverless Cars	134	0.50	0	1.0000	1.0000	1.0000	1.0000
Driverless Cars	134	0.55	0	1.0000	1.0000	1.0000	1.0000
Driverless Cars	134	0.60	0	1.0000	1.0000	1.0000	1.0000
Driverless Cars	134	0.65	0	1.0000	1.0000	1.0000	1.0000
Driverless Cars	134	0.70	0	1.0000	1.0000	1.0000	1.0000
Driverless Cars	134	0.75	0	1.0000	1.0000	1.0000	1.0000
Driverless Cars	134	0.80	0	1.0000	1.0000	1.0000	1.0000
Driverless Cars	134	0.85	0	1.0000	1.0000	1.0000	1.0000
Driverless Cars	134	0.90	0	1.0000	1.0000	1.0000	1.0000
Driverless Cars	134	0.95	0	1.0000	1.0000	1.0000	1.0000
Driverless Cars	134	1.00	0	0.9567	0.0000	0.0000	0.0000
Driverless Cars	134	0.00	1	0.0433	0.0433	1.0000	0.0831
Driverless Cars	134	0.05	1	0.9615	0.5294	1.0000	0.6923
Driverless Cars	134	0.10	1	0.9936	0.8710	1.0000	0.9310
Driverless Cars	134	0.15	1	0.9952	0.9000	1.0000	0.9474
Driverless Cars	134	0.20	1	0.9952	0.9000	1.0000	0.9474
Driverless Cars	134	0.25	1	0.9952	0.9000	1.0000	0.9474
Driverless Cars	134	0.30	1	0.9952	0.9000	1.0000	0.9474
Driverless Cars	134	0.35	1	0.9952	0.9000	1.0000	0.9474
Driverless Cars	134	0.40	1	0.9952	0.9000	1.0000	0.9474
Driverless Cars	134	0.45	1	0.9952	0.9000	1.0000	0.9474
Driverless Cars	134	0.50	1	0.9952	0.9000	1.0000	0.9474
Driverless Cars	134	0.55	1	0.9952	0.9000	1.0000	0.9474
Driverless Cars	134	0.60	1	0.9952	0.9000	1.0000	0.9474
Driverless Cars	134	0.65	1	0.9952	0.9000	1.0000	0.9474
Driverless Cars	134	0.70	1	0.9952	0.9000	1.0000	0.9474
Driverless Cars	134	0.75	1	0.9952	0.9000	1.0000	0.9474
Driverless Cars	134	0.80	1	0.9952	0.9000	1.0000	0.9474
Driverless Cars	134	0.85	1	0.9952	0.9000	1.0000	0.9474
Driverless Cars	134	0.90	1	0.9952	0.9000	1.0000	0.9474
Driverless Cars	134	0.95	1	0.9952	0.9000	1.0000	0.9474
Driverless Cars	134	1.00	1	0.9567	0.0000	0.0000	0.0000
Driverless Cars	134	0.00	2	0.0433	0.0433	1.0000	0.0831
Driverless Cars	134	0.05	2	0.9856	0.7500	1.0000	0.8571
Driverless Cars	134	0.10	2	0.9952	0.9615	0.9259	0.9434
Driverless Cars	134	0.15	2	0.9952	0.9615	0.9259	0.9434
Driverless Cars	134	0.20	2	0.9952	0.9615	0.9259	0.9434
Driverless Cars	134	0.25	2	0.9952	0.9615	0.9259	0.9434
Driverless Cars	134	0.30	2	0.9952	0.9615	0.9259	0.9434
Driverless Cars	134	0.35	2	0.9952	0.9615	0.9259	0.9434
Driverless Cars	134	0.40	2	0.9952	0.9615	0.9259	0.9434
Driverless Cars	134	0.45	2	0.9952	0.9615	0.9259	0.9434
Driverless Cars	134	0.50	2	0.9952	0.9615	0.9259	0.9434
Driverless Cars	134	0.55	2	0.9952	0.9615	0.9259	0.9434
Driverless Cars	134	0.60	2	0.9952	0.9615	0.9259	0.9434
Driverless Cars	134	0.65	2	0.9952	0.9615	0.9259	0.9434
Driverless Cars	134	0.70	2	0.9952	0.9615	0.9259	0.9434
Driverless Cars	134	0.75	2	0.9952	0.9615	0.9259	0.9434
Driverless Cars	134	0.80	2	0.9952	0.9615	0.9259	0.9434
Driverless Cars	134	0.85	2	0.9952	0.9615	0.9259	0.9434
Driverless Cars	134	0.90	2	0.9952	0.9615	0.9259	0.9434
Driverless Cars	134	0.95	2	0.9952	0.9615	0.9259	0.9434
Driverless Cars	134	1.00	2	0.9567	0.0000	0.0000	0.0000
Driverless Cars	134	0.00	3	0.0433	0.0433	1.0000	0.0831
Driverless Cars	134	0.05	3	0.9952	0.9615	0.9259	0.9434
Driverless Cars	134	0.10	3	0.9968	1.0000	0.9259	0.9615
Driverless Cars	134	0.15	3	0.9968	1.0000	0.9259	0.9615
Driverless Cars	134	0.20	3	0.9968	1.0000	0.9259	0.9615
Driverless Cars	134	0.25	3	0.9968	1.0000	0.9259	0.9615
Driverless Cars	134	0.30	3	0.9968	1.0000	0.9259	0.9615
Driverless Cars	134	0.35	3	0.9968	1.0000	0.9259	0.9615
Driverless Cars	134	0.40	3	0.9968	1.0000	0.9259	0.9615
Driverless Cars	134	0.45	3	0.9968	1.0000	0.9259	0.9615
Driverless Cars	134	0.50	3	0.9968	1.0000	0.9259	0.9615
Driverless Cars	134	0.55	3	0.9968	1.0000	0.9259	0.9615
Driverless Cars	134	0.60	3	0.9968	1.0000	0.9259	0.9615
Driverless Cars	134	0.65	3	0.9968	1.0000	0.9259	0.9615
Driverless Cars	134	0.70	3	0.9968	1.0000	0.9259	0.9615
Driverless Cars	134	0.75	3	0.9968	1.0000	0.9259	0.9615
Driverless Cars	134	0.80	3	0.9968	1.0000	0.9259	0.9615
Driverless Cars	134	0.85	3	0.9968	1.0000	0.9259	0.9615
Driverless Cars	134	0.90	3	0.9968	1.0000	0.9259	0.9615
Driverless Cars	134	0.95	3	0.9968	1.0000	0.9259	0.9615
Driverless Cars	134	1.00	3	0.9567	0.0000	0.0000	0.0000
Driverless Cars	134	0.00	4	0.0418	0.0418	1.0000	0.0802
Driverless Cars	134	0.05	4	0.9839	0.7222	1.0000	0.8387
Driverless Cars	134	0.10	4	1.0000	1.0000	1.0000	1.0000
Driverless Cars	134	0.15	4	1.0000	1.0000	1.0000	1.0000
Driverless Cars	134	0.20	4	1.0000	1.0000	1.0000	1.0000
Driverless Cars	134	0.25	4	1.0000	1.0000	1.0000	1.0000
Driverless Cars	134	0.30	4	1.0000	1.0000	1.0000	1.0000
Driverless Cars	134	0.35	4	1.0000	1.0000	1.0000	1.0000
Driverless Cars	134	0.40	4	1.0000	1.0000	1.0000	1.0000
Driverless Cars	134	0.45	4	1.0000	1.0000	1.0000	1.0000
Driverless Cars	134	0.50	4	1.0000	1.0000	1.0000	1.0000
Driverless Cars	134	0.55	4	1.0000	1.0000	1.0000	1.0000
Driverless Cars	134	0.60	4	1.0000	1.0000	1.0000	1.0000
Driverless Cars	134	0.65	4	1.0000	1.0000	1.0000	1.0000
Driverless Cars	134	0.70	4	1.0000	1.0000	1.0000	1.0000
Driverless Cars	134	0.75	4	1.0000	1.0000	1.0000	1.0000
Driverless Cars	134	0.80	4	1.0000	1.0000	1.0000	1.0000
Driverless Cars	134	0.85	4	1.0000	1.0000	1.0000	1.0000
Driverless Cars	134	0.90	4	1.0000	1.0000	1.0000	1.0000
Driverless Cars	134	0.95	4	1.0000	1.0000	1.0000	1.0000
Driverless Cars	134	1.00	4	0.9582	0.0000	0.0000	0.0000
Wearable Tech	219	0.00	0	0.0706	0.0706	1.0000	0.1319
Wearable Tech	219	0.05	0	0.7319	0.2000	0.9318	0.3293
Wearable Tech	219	0.10	0	0.9342	0.5200	0.8864	0.6555
Wearable Tech	219	0.15	0	0.9470	0.5821	0.8864	0.7027
Wearable Tech	219	0.20	0	0.9502	0.6000	0.8864	0.7156
Wearable Tech	219	0.25	0	0.9583	0.6500	0.8864	0.7500
Wearable Tech	219	0.30	0	0.9711	0.7500	0.8864	0.8125
Wearable Tech	219	0.35	0	0.9759	0.8085	0.8636	0.8352
Wearable Tech	219	0.40	0	0.9791	0.8605	0.8409	0.8506
Wearable Tech	219	0.45	0	0.9791	0.8780	0.8182	0.8471
Wearable Tech	219	0.50	0	0.9791	0.8974	0.7955	0.8434
Wearable Tech	219	0.55	0	0.9807	0.9211	0.7955	0.8537
Wearable Tech	219	0.60	0	0.9807	0.9211	0.7955	0.8537
Wearable Tech	219	0.65	0	0.9807	0.9211	0.7955	0.8537
Wearable Tech	219	0.70	0	0.9807	0.9211	0.7955	0.8537
Wearable Tech	219	0.75	0	0.9807	0.9211	0.7955	0.8537
Wearable Tech	219	0.80	0	0.9823	0.9459	0.7955	0.8642
Wearable Tech	219	0.85	0	0.9823	0.9459	0.7955	0.8642
Wearable Tech	219	0.90	0	0.9823	0.9459	0.7955	0.8642
Wearable Tech	219	0.95	0	0.9823	0.9459	0.7955	0.8642
Wearable Tech	219	1.00	0	0.9294	0.0000	0.0000	0.0000
Wearable Tech	219	0.00	1	0.0706	0.0706	1.0000	0.1319
Wearable Tech	219	0.05	1	0.6565	0.1705	1.0000	0.2914
Wearable Tech	219	0.10	1	0.8860	0.3826	1.0000	0.5535
Wearable Tech	219	0.15	1	0.9197	0.4681	1.0000	0.6377
Wearable Tech	219	0.20	1	0.9262	0.4889	1.0000	0.6567
Wearable Tech	219	0.25	1	0.9374	0.5309	0.9773	0.6880
Wearable Tech	219	0.30	1	0.9438	0.5584	0.9773	0.7107
Wearable Tech	219	0.35	1	0.9535	0.6056	0.9773	0.7478
Wearable Tech	219	0.40	1	0.9583	0.6364	0.9545	0.7636
Wearable Tech	219	0.45	1	0.9663	0.6885	0.9545	0.8000
Wearable Tech	219	0.50	1	0.9727	0.7547	0.9091	0.8247
Wearable Tech	219	0.55	1	0.9759	0.7959	0.8864	0.8387
Wearable Tech	219	0.60	1	0.9807	0.8636	0.8636	0.8636
Wearable Tech	219	0.65	1	0.9823	0.8837	0.8636	0.8736
Wearable Tech	219	0.70	1	0.9839	0.9048	0.8636	0.8837
Wearable Tech	219	0.75	1	0.9839	0.9048	0.8636	0.8837
Wearable Tech	219	0.80	1	0.9839	0.9048	0.8636	0.8837
Wearable Tech	219	0.85	1	0.9839	0.9048	0.8636	0.8837
Wearable Tech	219	0.90	1	0.9839	0.9048	0.8636	0.8837
Wearable Tech	219	0.95	1	0.9839	0.9250	0.8409	0.8810
Wearable Tech	219	1.00	1	0.9294	0.0000	0.0000	0.0000
Wearable Tech	219	0.00	2	0.0706	0.0706	1.0000	0.1319
Wearable Tech	219	0.05	2	0.7175	0.1972	0.9773	0.3282
Wearable Tech	219	0.10	2	0.8892	0.3832	0.9318	0.5430
Wearable Tech	219	0.15	2	0.9069	0.4271	0.9318	0.5857
Wearable Tech	219	0.20	2	0.9165	0.4556	0.9318	0.6119
Wearable Tech	219	0.25	2	0.9230	0.4762	0.9091	0.6250
Wearable Tech	219	0.30	2	0.9310	0.5065	0.8864	0.6446
Wearable Tech	219	0.35	2	0.9326	0.5139	0.8409	0.6379
Wearable Tech	219	0.40	2	0.9438	0.5692	0.8409	0.6789
Wearable Tech	219	0.45	2	0.9486	0.5968	0.8409	0.6981
Wearable Tech	219	0.50	2	0.9567	0.6491	0.8409	0.7327
Wearable Tech	219	0.55	2	0.9663	0.7255	0.8409	0.7789
Wearable Tech	219	0.60	2	0.9727	0.7872	0.8409	0.8132
Wearable Tech	219	0.65	2	0.9743	0.8043	0.8409	0.8222
Wearable Tech	219	0.70	2	0.9759	0.8372	0.8182	0.8276
Wearable Tech	219	0.75	2	0.9791	0.8780	0.8182	0.8471
Wearable Tech	219	0.80	2	0.9791	0.8780	0.8182	0.8471
Wearable Tech	219	0.85	2	0.9791	0.8780	0.8182	0.8471
Wearable Tech	219	0.90	2	0.9791	0.8780	0.8182	0.8471
Wearable Tech	219	0.95	2	0.9791	0.8780	0.8182	0.8471
Wearable Tech	219	1.00	2	0.9294	0.0000	0.0000	0.0000
Wearable Tech	219	0.00	3	0.0706	0.0706	1.0000	0.1319
Wearable Tech	219	0.05	3	0.8299	0.2786	0.8864	0.4239
Wearable Tech	219	0.10	3	0.9021	0.4045	0.8182	0.5414
Wearable Tech	219	0.15	3	0.9294	0.5000	0.8182	0.6207
Wearable Tech	219	0.20	3	0.9390	0.5455	0.8182	0.6545
Wearable Tech	219	0.25	3	0.9551	0.6481	0.7955	0.7143
Wearable Tech	219	0.30	3	0.9599	0.6939	0.7727	0.7312
Wearable Tech	219	0.35	3	0.9663	0.7674	0.7500	0.7586
Wearable Tech	219	0.40	3	0.9727	0.8462	0.7500	0.7952
Wearable Tech	219	0.45	3	0.9695	0.8378	0.7045	0.7654
Wearable Tech	219	0.50	3	0.9727	0.8857	0.7045	0.7848
Wearable Tech	219	0.55	3	0.9743	0.9118	0.7045	0.7949
Wearable Tech	219	0.60	3	0.9727	0.9091	0.6818	0.7792
Wearable Tech	219	0.65	3	0.9743	0.9375	0.6818	0.7895
Wearable Tech	219	0.70	3	0.9743	0.9667	0.6591	0.7838
Wearable Tech	219	0.75	3	0.9743	1.0000	0.6364	0.7778
Wearable Tech	219	0.80	3	0.9743	1.0000	0.6364	0.7778
Wearable Tech	219	0.85	3	0.9743	1.0000	0.6364	0.7778
Wearable Tech	219	0.90	3	0.9743	1.0000	0.6364	0.7778
Wearable Tech	219	0.95	3	0.9727	1.0000	0.6136	0.7606
Wearable Tech	219	1.00	3	0.9294	0.0000	0.0000	0.0000
Wearable Tech	219	0.00	4	0.0691	0.0691	1.0000	0.1293
Wearable Tech	219	0.05	4	0.7556	0.2176	0.9767	0.3559
Wearable Tech	219	0.10	4	0.9260	0.4824	0.9535	0.6406
Wearable Tech	219	0.15	4	0.9518	0.5942	0.9535	0.7321
Wearable Tech	219	0.20	4	0.9598	0.6406	0.9535	0.7664
Wearable Tech	219	0.25	4	0.9646	0.6842	0.9070	0.7800
Wearable Tech	219	0.30	4	0.9678	0.7170	0.8837	0.7917
Wearable Tech	219	0.35	4	0.9695	0.7308	0.8837	0.8000
Wearable Tech	219	0.40	4	0.9743	0.7755	0.8837	0.8261
Wearable Tech	219	0.45	4	0.9791	0.8261	0.8837	0.8539
Wearable Tech	219	0.50	4	0.9807	0.8605	0.8605	0.8605
Wearable Tech	219	0.55	4	0.9807	0.8780	0.8372	0.8571
Wearable Tech	219	0.60	4	0.9807	0.8974	0.8140	0.8537
Wearable Tech	219	0.65	4	0.9807	0.8974	0.8140	0.8537
Wearable Tech	219	0.70	4	0.9807	0.8974	0.8140	0.8537
Wearable Tech	219	0.75	4	0.9807	0.8974	0.8140	0.8537
Wearable Tech	219	0.80	4	0.9807	0.8974	0.8140	0.8537
Wearable Tech	219	0.85	4	0.9807	0.8974	0.8140	0.8537
Wearable Tech	219	0.90	4	0.9807	0.8974	0.8140	0.8537
Wearable Tech	219	0.95	4	0.9823	0.9211	0.8140	0.8642
Wearable Tech	219	1.00	4	0.9309	0.0000	0.0000	0.0000
Virtual Reality and Augmented Reality	88	0.00	0	0.0288	0.0288	1.0000	0.0561
Virtual Reality and Augmented Reality	88	0.05	0	0.9247	0.2456	0.7778	0.3733
Virtual Reality and Augmented Reality	88	0.10	0	0.9583	0.3824	0.7222	0.5000
Virtual Reality and Augmented Reality	88	0.15	0	0.9599	0.3704	0.5556	0.4444
Virtual Reality and Augmented Reality	88	0.20	0	0.9663	0.4348	0.5556	0.4878
Virtual Reality and Augmented Reality	88	0.25	0	0.9663	0.4348	0.5556	0.4878
Virtual Reality and Augmented Reality	88	0.30	0	0.9696	0.4762	0.5556	0.5128
Virtual Reality and Augmented Reality	88	0.35	0	0.9696	0.4762	0.5556	0.5128
Virtual Reality and Augmented Reality	88	0.40	0	0.9728	0.5263	0.5556	0.5405
Virtual Reality and Augmented Reality	88	0.45	0	0.9728	0.5263	0.5556	0.5405
Virtual Reality and Augmented Reality	88	0.50	0	0.9744	0.5556	0.5556	0.5556
Virtual Reality and Augmented Reality	88	0.55	0	0.9728	0.5294	0.5000	0.5143
Virtual Reality and Augmented Reality	88	0.60	0	0.9728	0.5294	0.5000	0.5143
Virtual Reality and Augmented Reality	88	0.65	0	0.9744	0.5625	0.5000	0.5294
Virtual Reality and Augmented Reality	88	0.70	0	0.9744	0.5625	0.5000	0.5294
Virtual Reality and Augmented Reality	88	0.75	0	0.9776	0.6667	0.4444	0.5333
Virtual Reality and Augmented Reality	88	0.80	0	0.9728	0.5556	0.2778	0.3704
Virtual Reality and Augmented Reality	88	0.85	0	0.9776	0.8333	0.2778	0.4167
Virtual Reality and Augmented Reality	88	0.90	0	0.9760	0.8000	0.2222	0.3478
Virtual Reality and Augmented Reality	88	0.95	0	0.9728	0.6667	0.1111	0.1905
Virtual Reality and Augmented Reality	88	1.00	0	0.9712	0.0000	0.0000	0.0000
Virtual Reality and Augmented Reality	88	0.00	1	0.0289	0.0289	1.0000	0.0562
Virtual Reality and Augmented Reality	88	0.05	1	0.8587	0.1635	0.9444	0.2787
Virtual Reality and Augmented Reality	88	0.10	1	0.9149	0.2464	0.9444	0.3908
Virtual Reality and Augmented Reality	88	0.15	1	0.9278	0.2712	0.8889	0.4156
Virtual Reality and Augmented Reality	88	0.20	1	0.9486	0.3409	0.8333	0.4839
Virtual Reality and Augmented Reality	88	0.25	1	0.9583	0.3947	0.8333	0.5357
Virtual Reality and Augmented Reality	88	0.30	1	0.9647	0.4412	0.8333	0.5769
Virtual Reality and Augmented Reality	88	0.35	1	0.9679	0.4688	0.8333	0.6000
Virtual Reality and Augmented Reality	88	0.40	1	0.9695	0.4839	0.8333	0.6122
Virtual Reality and Augmented Reality	88	0.45	1	0.9727	0.5172	0.8333	0.6383
Virtual Reality and Augmented Reality	88	0.50	1	0.9759	0.5556	0.8333	0.6667
Virtual Reality and Augmented Reality	88	0.55	1	0.9807	0.6250	0.8333	0.7143
Virtual Reality and Augmented Reality	88	0.60	1	0.9823	0.6522	0.8333	0.7317
Virtual Reality and Augmented Reality	88	0.65	1	0.9823	0.6522	0.8333	0.7317
Virtual Reality and Augmented Reality	88	0.70	1	0.9823	0.6522	0.8333	0.7317
Virtual Reality and Augmented Reality	88	0.75	1	0.9823	0.6522	0.8333	0.7317
Virtual Reality and Augmented Reality	88	0.80	1	0.9807	0.6364	0.7778	0.7000
Virtual Reality and Augmented Reality	88	0.85	1	0.9807	0.6364	0.7778	0.7000
Virtual Reality and Augmented Reality	88	0.90	1	0.9743	0.5556	0.5556	0.5556
Virtual Reality and Augmented Reality	88	0.95	1	0.9791	0.8571	0.3333	0.4800
Virtual Reality and Augmented Reality	88	1.00	1	0.9711	0.0000	0.0000	0.0000
Virtual Reality and Augmented Reality	88	0.00	2	0.0289	0.0289	1.0000	0.0562
Virtual Reality and Augmented Reality	88	0.05	2	0.8732	0.1856	1.0000	0.3130
Virtual Reality and Augmented Reality	88	0.10	2	0.9246	0.2769	1.0000	0.4337
Virtual Reality and Augmented Reality	88	0.15	2	0.9470	0.3404	0.8889	0.4923
Virtual Reality and Augmented Reality	88	0.20	2	0.9615	0.4211	0.8889	0.5714
Virtual Reality and Augmented Reality	88	0.25	2	0.9743	0.5357	0.8333	0.6522
Virtual Reality and Augmented Reality	88	0.30	2	0.9759	0.5556	0.8333	0.6667
Virtual Reality and Augmented Reality	88	0.35	2	0.9759	0.5556	0.8333	0.6667
Virtual Reality and Augmented Reality	88	0.40	2	0.9775	0.5769	0.8333	0.6818
Virtual Reality and Augmented Reality	88	0.45	2	0.9775	0.5769	0.8333	0.6818
Virtual Reality and Augmented Reality	88	0.50	2	0.9791	0.6000	0.8333	0.6977
Virtual Reality and Augmented Reality	88	0.55	2	0.9791	0.6000	0.8333	0.6977
Virtual Reality and Augmented Reality	88	0.60	2	0.9791	0.6000	0.8333	0.6977
Virtual Reality and Augmented Reality	88	0.65	2	0.9791	0.6000	0.8333	0.6977
Virtual Reality and Augmented Reality	88	0.70	2	0.9791	0.6000	0.8333	0.6977
Virtual Reality and Augmented Reality	88	0.75	2	0.9775	0.5833	0.7778	0.6667
Virtual Reality and Augmented Reality	88	0.80	2	0.9807	0.6364	0.7778	0.7000
Virtual Reality and Augmented Reality	88	0.85	2	0.9823	0.6667	0.7778	0.7179
Virtual Reality and Augmented Reality	88	0.90	2	0.9807	0.6667	0.6667	0.6667
Virtual Reality and Augmented Reality	88	0.95	2	0.9856	0.8000	0.6667	0.7273
Virtual Reality and Augmented Reality	88	1.00	2	0.9711	0.0000	0.0000	0.0000
Virtual Reality and Augmented Reality	88	0.00	3	0.0273	0.0273	1.0000	0.0532
Virtual Reality and Augmented Reality	88	0.05	3	0.8778	0.1828	1.0000	0.3091
Virtual Reality and Augmented Reality	88	0.10	3	0.9277	0.2667	0.9412	0.4156
Virtual Reality and Augmented Reality	88	0.15	3	0.9453	0.3191	0.8824	0.4688
Virtual Reality and Augmented Reality	88	0.20	3	0.9662	0.4412	0.8824	0.5882
Virtual Reality and Augmented Reality	88	0.25	3	0.9711	0.4839	0.8824	0.6250
Virtual Reality and Augmented Reality	88	0.30	3	0.9727	0.5000	0.8824	0.6383
Virtual Reality and Augmented Reality	88	0.35	3	0.9727	0.5000	0.8824	0.6383
Virtual Reality and Augmented Reality	88	0.40	3	0.9727	0.5000	0.8824	0.6383
Virtual Reality and Augmented Reality	88	0.45	3	0.9727	0.5000	0.8824	0.6383
Virtual Reality and Augmented Reality	88	0.50	3	0.9759	0.5357	0.8824	0.6667
Virtual Reality and Augmented Reality	88	0.55	3	0.9775	0.5556	0.8824	0.6818
Virtual Reality and Augmented Reality	88	0.60	3	0.9791	0.5833	0.8235	0.6829
Virtual Reality and Augmented Reality	88	0.65	3	0.9775	0.5652	0.7647	0.6500
Virtual Reality and Augmented Reality	88	0.70	3	0.9775	0.5652	0.7647	0.6500
Virtual Reality and Augmented Reality	88	0.75	3	0.9775	0.5652	0.7647	0.6500
Virtual Reality and Augmented Reality	88	0.80	3	0.9775	0.5714	0.7059	0.6316
Virtual Reality and Augmented Reality	88	0.85	3	0.9775	0.5882	0.5882	0.5882
Virtual Reality and Augmented Reality	88	0.90	3	0.9775	0.6154	0.4706	0.5333
Virtual Reality and Augmented Reality	88	0.95	3	0.9823	0.8000	0.4706	0.5926
Virtual Reality and Augmented Reality	88	1.00	3	0.9727	0.0000	0.0000	0.0000
Virtual Reality and Augmented Reality	88	0.00	4	0.0273	0.0273	1.0000	0.0532
Virtual Reality and Augmented Reality	88	0.05	4	0.8183	0.1308	1.0000	0.2313
Virtual Reality and Augmented Reality	88	0.10	4	0.9051	0.2237	1.0000	0.3656
Virtual Reality and Augmented Reality	88	0.15	4	0.9228	0.2615	1.0000	0.4146
Virtual Reality and Augmented Reality	88	0.20	4	0.9453	0.3333	1.0000	0.5000
Virtual Reality and Augmented Reality	88	0.25	4	0.9502	0.3542	1.0000	0.5231
Virtual Reality and Augmented Reality	88	0.30	4	0.9518	0.3617	1.0000	0.5312
Virtual Reality and Augmented Reality	88	0.35	4	0.9518	0.3617	1.0000	0.5312
Virtual Reality and Augmented Reality	88	0.40	4	0.9534	0.3696	1.0000	0.5397
Virtual Reality and Augmented Reality	88	0.45	4	0.9534	0.3696	1.0000	0.5397
Virtual Reality and Augmented Reality	88	0.50	4	0.9550	0.3778	1.0000	0.5484
Virtual Reality and Augmented Reality	88	0.55	4	0.9550	0.3778	1.0000	0.5484
Virtual Reality and Augmented Reality	88	0.60	4	0.9566	0.3864	1.0000	0.5574
Virtual Reality and Augmented Reality	88	0.65	4	0.9566	0.3864	1.0000	0.5574
Virtual Reality and Augmented Reality	88	0.70	4	0.9582	0.3846	0.8824	0.5357
Virtual Reality and Augmented Reality	88	0.75	4	0.9566	0.3611	0.7647	0.4906
Virtual Reality and Augmented Reality	88	0.80	4	0.9566	0.3438	0.6471	0.4490
Virtual Reality and Augmented Reality	88	0.85	4	0.9630	0.3750	0.5294	0.4390
Virtual Reality and Augmented Reality	88	0.90	4	0.9646	0.3529	0.3529	0.3529
Virtual Reality and Augmented Reality	88	0.95	4	0.9695	0.4167	0.2941	0.3448
Virtual Reality and Augmented Reality	88	1.00	4	0.9727	0.0000	0.0000	0.0000
Drone	145	0.00	0	0.0465	0.0465	1.0000	0.0890
Drone	145	0.05	0	0.9310	0.4028	1.0000	0.5743
Drone	145	0.10	0	0.9743	0.6444	1.0000	0.7838
Drone	145	0.15	0	0.9775	0.6744	1.0000	0.8056
Drone	145	0.20	0	0.9791	0.6905	1.0000	0.8169
Drone	145	0.25	0	0.9791	0.6905	1.0000	0.8169
Drone	145	0.30	0	0.9807	0.7073	1.0000	0.8286
Drone	145	0.35	0	0.9807	0.7073	1.0000	0.8286
Drone	145	0.40	0	0.9807	0.7073	1.0000	0.8286
Drone	145	0.45	0	0.9807	0.7073	1.0000	0.8286
Drone	145	0.50	0	0.9807	0.7073	1.0000	0.8286
Drone	145	0.55	0	0.9807	0.7073	1.0000	0.8286
Drone	145	0.60	0	0.9807	0.7073	1.0000	0.8286
Drone	145	0.65	0	0.9807	0.7073	1.0000	0.8286
Drone	145	0.70	0	0.9807	0.7073	1.0000	0.8286
Drone	145	0.75	0	0.9823	0.7250	1.0000	0.8406
Drone	145	0.80	0	0.9823	0.7250	1.0000	0.8406
Drone	145	0.85	0	0.9856	0.7632	1.0000	0.8657
Drone	145	0.90	0	0.9888	0.8056	1.0000	0.8923
Drone	145	0.95	0	0.9823	0.8000	0.8276	0.8136
Drone	145	1.00	0	0.9535	0.0000	0.0000	0.0000
Drone	145	0.00	1	0.0465	0.0465	1.0000	0.0890
Drone	145	0.05	1	0.9374	0.4265	1.0000	0.5979
Drone	145	0.10	1	0.9791	0.7000	0.9655	0.8116
Drone	145	0.15	1	0.9791	0.7000	0.9655	0.8116
Drone	145	0.20	1	0.9791	0.7000	0.9655	0.8116
Drone	145	0.25	1	0.9759	0.6842	0.8966	0.7761
Drone	145	0.30	1	0.9759	0.6842	0.8966	0.7761
Drone	145	0.35	1	0.9759	0.6842	0.8966	0.7761
Drone	145	0.40	1	0.9759	0.6842	0.8966	0.7761
Drone	145	0.45	1	0.9759	0.6842	0.8966	0.7761
Drone	145	0.50	1	0.9743	0.6757	0.8621	0.7576
Drone	145	0.55	1	0.9743	0.6757	0.8621	0.7576
Drone	145	0.60	1	0.9759	0.6944	0.8621	0.7692
Drone	145	0.65	1	0.9759	0.6944	0.8621	0.7692
Drone	145	0.70	1	0.9759	0.6944	0.8621	0.7692
Drone	145	0.75	1	0.9759	0.6944	0.8621	0.7692
Drone	145	0.80	1	0.9759	0.6944	0.8621	0.7692
Drone	145	0.85	1	0.9775	0.7143	0.8621	0.7813
Drone	145	0.90	1	0.9775	0.7143	0.8621	0.7813
Drone	145	0.95	1	0.9775	0.7778	0.7241	0.7500
Drone	145	1.00	1	0.9535	0.0000	0.0000	0.0000
Drone	145	0.00	2	0.0465	0.0465	1.0000	0.0890
Drone	145	0.05	2	0.9647	0.5745	0.9310	0.7105
Drone	145	0.10	2	0.9807	0.7429	0.8966	0.8125
Drone	145	0.15	2	0.9872	0.8387	0.8966	0.8667
Drone	145	0.20	2	0.9872	0.8387	0.8966	0.8667
Drone	145	0.25	2	0.9856	0.8333	0.8621	0.8475
Drone	145	0.30	2	0.9856	0.8333	0.8621	0.8475
Drone	145	0.35	2	0.9856	0.8333	0.8621	0.8475
Drone	145	0.40	2	0.9856	0.8333	0.8621	0.8475
Drone	145	0.45	2	0.9856	0.8333	0.8621	0.8475
Drone	145	0.50	2	0.9856	0.8333	0.8621	0.8475
Drone	145	0.55	2	0.9856	0.8333	0.8621	0.8475
Drone	145	0.60	2	0.9856	0.8333	0.8621	0.8475
Drone	145	0.65	2	0.9856	0.8333	0.8621	0.8475
Drone	145	0.70	2	0.9856	0.8333	0.8621	0.8475
Drone	145	0.75	2	0.9856	0.8333	0.8621	0.8475
Drone	145	0.80	2	0.9856	0.8333	0.8621	0.8475
Drone	145	0.85	2	0.9888	0.8929	0.8621	0.8772
Drone	145	0.90	2	0.9839	0.8800	0.7586	0.8148
Drone	145	0.95	2	0.9775	0.8571	0.6207	0.7200
Drone	145	1.00	2	0.9535	0.0000	0.0000	0.0000
Drone	145	0.00	3	0.0465	0.0465	1.0000	0.0890
Drone	145	0.05	3	0.9743	0.6444	1.0000	0.7838
Drone	145	0.10	3	0.9872	0.8000	0.9655	0.8750
Drone	145	0.15	3	0.9888	0.8235	0.9655	0.8889
Drone	145	0.20	3	0.9888	0.8235	0.9655	0.8889
Drone	145	0.25	3	0.9888	0.8235	0.9655	0.8889
Drone	145	0.30	3	0.9888	0.8235	0.9655	0.8889
Drone	145	0.35	3	0.9888	0.8235	0.9655	0.8889
Drone	145	0.40	3	0.9888	0.8235	0.9655	0.8889
Drone	145	0.45	3	0.9888	0.8235	0.9655	0.8889
Drone	145	0.50	3	0.9888	0.8235	0.9655	0.8889
Drone	145	0.55	3	0.9888	0.8235	0.9655	0.8889
Drone	145	0.60	3	0.9888	0.8235	0.9655	0.8889
Drone	145	0.65	3	0.9888	0.8235	0.9655	0.8889
Drone	145	0.70	3	0.9888	0.8235	0.9655	0.8889
Drone	145	0.75	3	0.9888	0.8438	0.9310	0.8852
Drone	145	0.80	3	0.9872	0.8387	0.8966	0.8667
Drone	145	0.85	3	0.9872	0.8387	0.8966	0.8667
Drone	145	0.90	3	0.9839	0.8276	0.8276	0.8276
Drone	145	0.95	3	0.9791	0.8636	0.6552	0.7451
Drone	145	1.00	3	0.9535	0.0000	0.0000	0.0000
Drone	145	0.00	4	0.0466	0.0466	1.0000	0.0891
Drone	145	0.05	4	0.9437	0.4531	1.0000	0.6237
Drone	145	0.10	4	0.9791	0.6905	1.0000	0.8169
Drone	145	0.15	4	0.9839	0.7436	1.0000	0.8529
Drone	145	0.20	4	0.9823	0.7368	0.9655	0.8358
Drone	145	0.25	4	0.9823	0.7368	0.9655	0.8358
Drone	145	0.30	4	0.9839	0.7568	0.9655	0.8485
Drone	145	0.35	4	0.9839	0.7568	0.9655	0.8485
Drone	145	0.40	4	0.9839	0.7568	0.9655	0.8485
Drone	145	0.45	4	0.9839	0.7568	0.9655	0.8485
Drone	145	0.50	4	0.9839	0.7568	0.9655	0.8485
Drone	145	0.55	4	0.9839	0.7568	0.9655	0.8485
Drone	145	0.60	4	0.9839	0.7568	0.9655	0.8485
Drone	145	0.65	4	0.9839	0.7568	0.9655	0.8485
Drone	145	0.70	4	0.9839	0.7568	0.9655	0.8485
Drone	145	0.75	4	0.9839	0.7568	0.9655	0.8485
Drone	145	0.80	4	0.9839	0.7568	0.9655	0.8485
Drone	145	0.85	4	0.9855	0.7778	0.9655	0.8615
Drone	145	0.90	4	0.9855	0.7778	0.9655	0.8615
Drone	145	0.95	4	0.9775	0.8000	0.6897	0.7407
Drone	145	1.00	4	0.9534	0.0000	0.0000	0.0000
NanoTech	155	0.00	0	0.0498	0.0498	1.0000	0.0948
NanoTech	155	0.05	0	0.9374	0.4429	1.0000	0.6139
NanoTech	155	0.10	0	0.9807	0.7209	1.0000	0.8378
NanoTech	155	0.15	0	0.9872	0.7949	1.0000	0.8857
NanoTech	155	0.20	0	0.9888	0.8158	1.0000	0.8986
NanoTech	155	0.25	0	0.9904	0.8378	1.0000	0.9118
NanoTech	155	0.30	0	0.9904	0.8378	1.0000	0.9118
NanoTech	155	0.35	0	0.9904	0.8378	1.0000	0.9118
NanoTech	155	0.40	0	0.9904	0.8378	1.0000	0.9118
NanoTech	155	0.45	0	0.9904	0.8378	1.0000	0.9118
NanoTech	155	0.50	0	0.9904	0.8378	1.0000	0.9118
NanoTech	155	0.55	0	0.9904	0.8378	1.0000	0.9118
NanoTech	155	0.60	0	0.9904	0.8378	1.0000	0.9118
NanoTech	155	0.65	0	0.9904	0.8378	1.0000	0.9118
NanoTech	155	0.70	0	0.9904	0.8378	1.0000	0.9118
NanoTech	155	0.75	0	0.9904	0.8378	1.0000	0.9118
NanoTech	155	0.80	0	0.9904	0.8378	1.0000	0.9118
NanoTech	155	0.85	0	0.9904	0.8378	1.0000	0.9118
NanoTech	155	0.90	0	0.9920	0.8611	1.0000	0.9254
NanoTech	155	0.95	0	0.9856	0.8667	0.8387	0.8525
NanoTech	155	1.00	0	0.9502	0.0000	0.0000	0.0000
NanoTech	155	0.00	1	0.0498	0.0498	1.0000	0.0948
NanoTech	155	0.05	1	0.9278	0.4079	1.0000	0.5794
NanoTech	155	0.10	1	0.9856	0.7750	1.0000	0.8732
NanoTech	155	0.15	1	0.9888	0.8158	1.0000	0.8986
NanoTech	155	0.20	1	0.9888	0.8158	1.0000	0.8986
NanoTech	155	0.25	1	0.9888	0.8158	1.0000	0.8986
NanoTech	155	0.30	1	0.9888	0.8158	1.0000	0.8986
NanoTech	155	0.35	1	0.9872	0.8108	0.9677	0.8824
NanoTech	155	0.40	1	0.9856	0.8056	0.9355	0.8657
NanoTech	155	0.45	1	0.9856	0.8056	0.9355	0.8657
NanoTech	155	0.50	1	0.9856	0.8056	0.9355	0.8657
NanoTech	155	0.55	1	0.9856	0.8056	0.9355	0.8657
NanoTech	155	0.60	1	0.9856	0.8056	0.9355	0.8657
NanoTech	155	0.65	1	0.9856	0.8056	0.9355	0.8657
NanoTech	155	0.70	1	0.9839	0.8000	0.9032	0.8485
NanoTech	155	0.75	1	0.9839	0.8000	0.9032	0.8485
NanoTech	155	0.80	1	0.9839	0.8000	0.9032	0.8485
NanoTech	155	0.85	1	0.9839	0.8000	0.9032	0.8485
NanoTech	155	0.90	1	0.9839	0.8000	0.9032	0.8485
NanoTech	155	0.95	1	0.9823	0.8333	0.8065	0.8197
NanoTech	155	1.00	1	0.9502	0.0000	0.0000	0.0000
NanoTech	155	0.00	2	0.0498	0.0498	1.0000	0.0948
NanoTech	155	0.05	2	0.9551	0.5254	1.0000	0.6889
NanoTech	155	0.10	2	0.9888	0.8158	1.0000	0.8986
NanoTech	155	0.15	2	0.9904	0.8378	1.0000	0.9118
NanoTech	155	0.20	2	0.9904	0.8378	1.0000	0.9118
NanoTech	155	0.25	2	0.9904	0.8378	1.0000	0.9118
NanoTech	155	0.30	2	0.9904	0.8378	1.0000	0.9118
NanoTech	155	0.35	2	0.9904	0.8378	1.0000	0.9118
NanoTech	155	0.40	2	0.9904	0.8378	1.0000	0.9118
NanoTech	155	0.45	2	0.9904	0.8378	1.0000	0.9118
NanoTech	155	0.50	2	0.9904	0.8378	1.0000	0.9118
NanoTech	155	0.55	2	0.9904	0.8378	1.0000	0.9118
NanoTech	155	0.60	2	0.9904	0.8378	1.0000	0.9118
NanoTech	155	0.65	2	0.9904	0.8378	1.0000	0.9118
NanoTech	155	0.70	2	0.9904	0.8378	1.0000	0.9118
NanoTech	155	0.75	2	0.9904	0.8378	1.0000	0.9118
NanoTech	155	0.80	2	0.9904	0.8378	1.0000	0.9118
NanoTech	155	0.85	2	0.9904	0.8378	1.0000	0.9118
NanoTech	155	0.90	2	0.9856	0.8438	0.8710	0.8571
NanoTech	155	0.95	2	0.9791	0.9091	0.6452	0.7547
NanoTech	155	1.00	2	0.9502	0.0000	0.0000	0.0000
NanoTech	155	0.00	3	0.0498	0.0498	1.0000	0.0948
NanoTech	155	0.05	3	0.9695	0.6200	1.0000	0.7654
NanoTech	155	0.10	3	0.9872	0.7949	1.0000	0.8857
NanoTech	155	0.15	3	0.9920	0.8611	1.0000	0.9254
NanoTech	155	0.20	3	0.9920	0.8611	1.0000	0.9254
NanoTech	155	0.25	3	0.9920	0.8611	1.0000	0.9254
NanoTech	155	0.30	3	0.9920	0.8611	1.0000	0.9254
NanoTech	155	0.35	3	0.9920	0.8611	1.0000	0.9254
NanoTech	155	0.40	3	0.9920	0.8611	1.0000	0.9254
NanoTech	155	0.45	3	0.9904	0.8571	0.9677	0.9091
NanoTech	155	0.50	3	0.9904	0.8571	0.9677	0.9091
NanoTech	155	0.55	3	0.9904	0.8571	0.9677	0.9091
NanoTech	155	0.60	3	0.9904	0.8571	0.9677	0.9091
NanoTech	155	0.65	3	0.9904	0.8571	0.9677	0.9091
NanoTech	155	0.70	3	0.9904	0.8571	0.9677	0.9091
NanoTech	155	0.75	3	0.9920	0.8824	0.9677	0.9231
NanoTech	155	0.80	3	0.9920	0.8824	0.9677	0.9231
NanoTech	155	0.85	3	0.9904	0.8788	0.9355	0.9062
NanoTech	155	0.90	3	0.9888	0.8750	0.9032	0.8889
NanoTech	155	0.95	3	0.9823	0.8846	0.7419	0.8070
NanoTech	155	1.00	3	0.9502	0.0000	0.0000	0.0000
NanoTech	155	0.00	4	0.0498	0.0498	1.0000	0.0949
NanoTech	155	0.05	4	0.9775	0.7073	0.9355	0.8056
NanoTech	155	0.10	4	0.9839	0.7838	0.9355	0.8529
NanoTech	155	0.15	4	0.9839	0.8000	0.9032	0.8485
NanoTech	155	0.20	4	0.9855	0.8235	0.9032	0.8615
NanoTech	155	0.25	4	0.9871	0.8485	0.9032	0.8750
NanoTech	155	0.30	4	0.9871	0.8485	0.9032	0.8750
NanoTech	155	0.35	4	0.9871	0.8485	0.9032	0.8750
NanoTech	155	0.40	4	0.9855	0.8438	0.8710	0.8571
NanoTech	155	0.45	4	0.9855	0.8438	0.8710	0.8571
NanoTech	155	0.50	4	0.9855	0.8438	0.8710	0.8571
NanoTech	155	0.55	4	0.9855	0.8438	0.8710	0.8571
NanoTech	155	0.60	4	0.9855	0.8438	0.8710	0.8571
NanoTech	155	0.65	4	0.9855	0.8438	0.8710	0.8571
NanoTech	155	0.70	4	0.9855	0.8438	0.8710	0.8571
NanoTech	155	0.75	4	0.9855	0.8438	0.8710	0.8571
NanoTech	155	0.80	4	0.9839	0.8387	0.8387	0.8387
NanoTech	155	0.85	4	0.9839	0.8387	0.8387	0.8387
NanoTech	155	0.90	4	0.9823	0.8571	0.7742	0.8136
NanoTech	155	0.95	4	0.9711	0.8421	0.5161	0.6400
NanoTech	155	1.00	4	0.9502	0.0000	0.0000	0.0000
Manufacturing	150	0.00	0	0.0482	0.0482	1.0000	0.0919
Manufacturing	150	0.05	0	0.8764	0.2762	0.9667	0.4296
Manufacturing	150	0.10	0	0.9262	0.3889	0.9333	0.5490
Manufacturing	150	0.15	0	0.9294	0.3971	0.9000	0.5510
Manufacturing	150	0.20	0	0.9390	0.4355	0.9000	0.5870
Manufacturing	150	0.25	0	0.9454	0.4655	0.9000	0.6136
Manufacturing	150	0.30	0	0.9679	0.6136	0.9000	0.7297
Manufacturing	150	0.35	0	0.9727	0.6585	0.9000	0.7606
Manufacturing	150	0.40	0	0.9791	0.7429	0.8667	0.8000
Manufacturing	150	0.45	0	0.9823	0.7879	0.8667	0.8254
Manufacturing	150	0.50	0	0.9823	0.7879	0.8667	0.8254
Manufacturing	150	0.55	0	0.9839	0.8125	0.8667	0.8387
Manufacturing	150	0.60	0	0.9839	0.8125	0.8667	0.8387
Manufacturing	150	0.65	0	0.9839	0.8125	0.8667	0.8387
Manufacturing	150	0.70	0	0.9856	0.8387	0.8667	0.8525
Manufacturing	150	0.75	0	0.9856	0.8387	0.8667	0.8525
Manufacturing	150	0.80	0	0.9839	0.8846	0.7667	0.8214
Manufacturing	150	0.85	0	0.9727	0.8421	0.5333	0.6531
Manufacturing	150	0.90	0	0.9679	0.8571	0.4000	0.5455
Manufacturing	150	0.95	0	0.9599	1.0000	0.1667	0.2857
Manufacturing	150	1.00	0	0.9518	0.0000	0.0000	0.0000
Manufacturing	150	0.00	1	0.0482	0.0482	1.0000	0.0919
Manufacturing	150	0.05	1	0.8379	0.2205	0.9333	0.3567
Manufacturing	150	0.10	1	0.8716	0.2642	0.9333	0.4118
Manufacturing	150	0.15	1	0.8925	0.3011	0.9333	0.4553
Manufacturing	150	0.20	1	0.8957	0.2989	0.8667	0.4444
Manufacturing	150	0.25	1	0.9149	0.3467	0.8667	0.4952
Manufacturing	150	0.30	1	0.9213	0.3623	0.8333	0.5051
Manufacturing	150	0.35	1	0.9278	0.3846	0.8333	0.5263
Manufacturing	150	0.40	1	0.9358	0.4167	0.8333	0.5556
Manufacturing	150	0.45	1	0.9454	0.4615	0.8000	0.5854
Manufacturing	150	0.50	1	0.9486	0.4800	0.8000	0.6000
Manufacturing	150	0.55	1	0.9535	0.5106	0.8000	0.6234
Manufacturing	150	0.60	1	0.9535	0.5106	0.8000	0.6234
Manufacturing	150	0.65	1	0.9583	0.5455	0.8000	0.6486
Manufacturing	150	0.70	1	0.9583	0.5476	0.7667	0.6389
Manufacturing	150	0.75	1	0.9567	0.5366	0.7333	0.6197
Manufacturing	150	0.80	1	0.9567	0.5366	0.7333	0.6197
Manufacturing	150	0.85	1	0.9599	0.5714	0.6667	0.6154
Manufacturing	150	0.90	1	0.9615	0.6250	0.5000	0.5556
Manufacturing	150	0.95	1	0.9567	0.7143	0.1667	0.2703
Manufacturing	150	1.00	1	0.9518	0.0000	0.0000	0.0000
Manufacturing	150	0.00	2	0.0482	0.0482	1.0000	0.0919
Manufacturing	150	0.05	2	0.8459	0.2155	0.8333	0.3425
Manufacturing	150	0.10	2	0.8844	0.2558	0.7333	0.3793
Manufacturing	150	0.15	2	0.9037	0.2973	0.7333	0.4231
Manufacturing	150	0.20	2	0.9101	0.3030	0.6667	0.4167
Manufacturing	150	0.25	2	0.9149	0.3175	0.6667	0.4301
Manufacturing	150	0.30	2	0.9213	0.3390	0.6667	0.4494
Manufacturing	150	0.35	2	0.9246	0.3509	0.6667	0.4598
Manufacturing	150	0.40	2	0.9262	0.3462	0.6000	0.4390
Manufacturing	150	0.45	2	0.9294	0.3600	0.6000	0.4500
Manufacturing	150	0.50	2	0.9342	0.3830	0.6000	0.4675
Manufacturing	150	0.55	2	0.9342	0.3830	0.6000	0.4675
Manufacturing	150	0.60	2	0.9342	0.3830	0.6000	0.4675
Manufacturing	150	0.65	2	0.9326	0.3696	0.5667	0.4474
Manufacturing	150	0.70	2	0.9326	0.3696	0.5667	0.4474
Manufacturing	150	0.75	2	0.9326	0.3696	0.5667	0.4474
Manufacturing	150	0.80	2	0.9358	0.3864	0.5667	0.4595
Manufacturing	150	0.85	2	0.9358	0.3750	0.5000	0.4286
Manufacturing	150	0.90	2	0.9486	0.4615	0.4000	0.4286
Manufacturing	150	0.95	2	0.9454	0.2500	0.0667	0.1053
Manufacturing	150	1.00	2	0.9518	0.0000	0.0000	0.0000
Manufacturing	150	0.00	3	0.0482	0.0482	1.0000	0.0919
Manufacturing	150	0.05	3	0.8042	0.1974	1.0000	0.3297
Manufacturing	150	0.10	3	0.8812	0.2885	1.0000	0.4478
Manufacturing	150	0.15	3	0.8941	0.3125	1.0000	0.4762
Manufacturing	150	0.20	3	0.9101	0.3488	1.0000	0.5172
Manufacturing	150	0.25	3	0.9213	0.3766	0.9667	0.5421
Manufacturing	150	0.30	3	0.9310	0.4085	0.9667	0.5743
Manufacturing	150	0.35	3	0.9390	0.4394	0.9667	0.6042
Manufacturing	150	0.40	3	0.9422	0.4531	0.9667	0.6170
Manufacturing	150	0.45	3	0.9454	0.4677	0.9667	0.6304
Manufacturing	150	0.50	3	0.9486	0.4833	0.9667	0.6444
Manufacturing	150	0.55	3	0.9502	0.4915	0.9667	0.6517
Manufacturing	150	0.60	3	0.9551	0.5179	0.9667	0.6744
Manufacturing	150	0.65	3	0.9551	0.5185	0.9333	0.6667
Manufacturing	150	0.70	3	0.9583	0.5385	0.9333	0.6829
Manufacturing	150	0.75	3	0.9599	0.5510	0.9000	0.6835
Manufacturing	150	0.80	3	0.9615	0.5682	0.8333	0.6757
Manufacturing	150	0.85	3	0.9583	0.5500	0.7333	0.6286
Manufacturing	150	0.90	3	0.9599	0.5926	0.5333	0.5614
Manufacturing	150	0.95	3	0.9567	0.7143	0.1667	0.2703
Manufacturing	150	1.00	3	0.9518	0.0000	0.0000	0.0000
Manufacturing	150	0.00	4	0.0482	0.0482	1.0000	0.0920
Manufacturing	150	0.05	4	0.8441	0.2362	1.0000	0.3822
Manufacturing	150	0.10	4	0.9003	0.3182	0.9333	0.4746
Manufacturing	150	0.15	4	0.9148	0.3506	0.9000	0.5047
Manufacturing	150	0.20	4	0.9180	0.3600	0.9000	0.5143
Manufacturing	150	0.25	4	0.9244	0.3803	0.9000	0.5347
Manufacturing	150	0.30	4	0.9309	0.4030	0.9000	0.5567
Manufacturing	150	0.35	4	0.9373	0.4286	0.9000	0.5806
Manufacturing	150	0.40	4	0.9389	0.4355	0.9000	0.5870
Manufacturing	150	0.45	4	0.9405	0.4426	0.9000	0.5934
Manufacturing	150	0.50	4	0.9405	0.4426	0.9000	0.5934
Manufacturing	150	0.55	4	0.9405	0.4426	0.9000	0.5934
Manufacturing	150	0.60	4	0.9421	0.4500	0.9000	0.6000
Manufacturing	150	0.65	4	0.9453	0.4655	0.9000	0.6136
Manufacturing	150	0.70	4	0.9518	0.5000	0.9000	0.6429
Manufacturing	150	0.75	4	0.9550	0.5208	0.8333	0.6410
Manufacturing	150	0.80	4	0.9582	0.5500	0.7333	0.6286
Manufacturing	150	0.85	4	0.9614	0.5789	0.7333	0.6471
Manufacturing	150	0.90	4	0.9582	0.5667	0.5667	0.5667
Manufacturing	150	0.95	4	0.9502	0.4286	0.1000	0.1622
Manufacturing	150	1.00	4	0.9518	0.0000	0.0000	0.0000
Ecommerce	204	0.00	0	0.0658	0.0658	1.0000	0.1235
Ecommerce	204	0.05	0	0.8604	0.3203	1.0000	0.4852
Ecommerce	204	0.10	0	0.9647	0.6557	0.9756	0.7843
Ecommerce	204	0.15	0	0.9823	0.8000	0.9756	0.8791
Ecommerce	204	0.20	0	0.9839	0.8163	0.9756	0.8889
Ecommerce	204	0.25	0	0.9872	0.8511	0.9756	0.9091
Ecommerce	204	0.30	0	0.9904	0.8889	0.9756	0.9302
Ecommerce	204	0.35	0	0.9936	0.9302	0.9756	0.9524
Ecommerce	204	0.40	0	0.9936	0.9302	0.9756	0.9524
Ecommerce	204	0.45	0	0.9936	0.9302	0.9756	0.9524
Ecommerce	204	0.50	0	0.9936	0.9302	0.9756	0.9524
Ecommerce	204	0.55	0	0.9952	0.9524	0.9756	0.9639
Ecommerce	204	0.60	0	0.9952	0.9524	0.9756	0.9639
Ecommerce	204	0.65	0	0.9952	0.9524	0.9756	0.9639
Ecommerce	204	0.70	0	0.9968	0.9756	0.9756	0.9756
Ecommerce	204	0.75	0	0.9984	1.0000	0.9756	0.9877
Ecommerce	204	0.80	0	0.9984	1.0000	0.9756	0.9877
Ecommerce	204	0.85	0	0.9984	1.0000	0.9756	0.9877
Ecommerce	204	0.90	0	0.9984	1.0000	0.9756	0.9877
Ecommerce	204	0.95	0	0.9984	1.0000	0.9756	0.9877
Ecommerce	204	1.00	0	0.9342	0.0000	0.0000	0.0000
Ecommerce	204	0.00	1	0.0658	0.0658	1.0000	0.1235
Ecommerce	204	0.05	1	0.9230	0.4588	0.9512	0.6190
Ecommerce	204	0.10	1	0.9695	0.7115	0.9024	0.7957
Ecommerce	204	0.15	1	0.9791	0.8043	0.9024	0.8506
Ecommerce	204	0.20	1	0.9807	0.8222	0.9024	0.8605
Ecommerce	204	0.25	1	0.9839	0.8605	0.9024	0.8810
Ecommerce	204	0.30	1	0.9856	0.8810	0.9024	0.8916
Ecommerce	204	0.35	1	0.9856	0.9000	0.8780	0.8889
Ecommerce	204	0.40	1	0.9872	0.9231	0.8780	0.9000
Ecommerce	204	0.45	1	0.9888	0.9474	0.8780	0.9114
Ecommerce	204	0.50	1	0.9888	0.9474	0.8780	0.9114
Ecommerce	204	0.55	1	0.9888	0.9474	0.8780	0.9114
Ecommerce	204	0.60	1	0.9872	0.9459	0.8537	0.8974
Ecommerce	204	0.65	1	0.9856	0.9444	0.8293	0.8831
Ecommerce	204	0.70	1	0.9872	0.9714	0.8293	0.8947
Ecommerce	204	0.75	1	0.9872	0.9714	0.8293	0.8947
Ecommerce	204	0.80	1	0.9872	0.9714	0.8293	0.8947
Ecommerce	204	0.85	1	0.9872	0.9714	0.8293	0.8947
Ecommerce	204	0.90	1	0.9872	0.9714	0.8293	0.8947
Ecommerce	204	0.95	1	0.9872	0.9714	0.8293	0.8947
Ecommerce	204	1.00	1	0.9342	0.0000	0.0000	0.0000
Ecommerce	204	0.00	2	0.0658	0.0658	1.0000	0.1235
Ecommerce	204	0.05	2	0.9374	0.5135	0.9268	0.6609
Ecommerce	204	0.10	2	0.9807	0.8372	0.8780	0.8571
Ecommerce	204	0.15	2	0.9888	0.9474	0.8780	0.9114
Ecommerce	204	0.20	2	0.9904	0.9730	0.8780	0.9231
Ecommerce	204	0.25	2	0.9888	0.9722	0.8537	0.9091
Ecommerce	204	0.30	2	0.9888	0.9722	0.8537	0.9091
Ecommerce	204	0.35	2	0.9888	0.9722	0.8537	0.9091
Ecommerce	204	0.40	2	0.9888	0.9722	0.8537	0.9091
Ecommerce	204	0.45	2	0.9888	0.9722	0.8537	0.9091
Ecommerce	204	0.50	2	0.9888	0.9722	0.8537	0.9091
Ecommerce	204	0.55	2	0.9888	0.9722	0.8537	0.9091
Ecommerce	204	0.60	2	0.9888	0.9722	0.8537	0.9091
Ecommerce	204	0.65	2	0.9904	1.0000	0.8537	0.9211
Ecommerce	204	0.70	2	0.9904	1.0000	0.8537	0.9211
Ecommerce	204	0.75	2	0.9904	1.0000	0.8537	0.9211
Ecommerce	204	0.80	2	0.9904	1.0000	0.8537	0.9211
Ecommerce	204	0.85	2	0.9888	1.0000	0.8293	0.9067
Ecommerce	204	0.90	2	0.9888	1.0000	0.8293	0.9067
Ecommerce	204	0.95	2	0.9888	1.0000	0.8293	0.9067
Ecommerce	204	1.00	2	0.9342	0.0000	0.0000	0.0000
Ecommerce	204	0.00	3	0.0658	0.0658	1.0000	0.1235
Ecommerce	204	0.05	3	0.9037	0.4021	0.9512	0.5652
Ecommerce	204	0.10	3	0.9695	0.6964	0.9512	0.8041
Ecommerce	204	0.15	3	0.9791	0.8043	0.9024	0.8506
Ecommerce	204	0.20	3	0.9807	0.8222	0.9024	0.8605
Ecommerce	204	0.25	3	0.9839	0.8605	0.9024	0.8810
Ecommerce	204	0.30	3	0.9856	0.8810	0.9024	0.8916
Ecommerce	204	0.35	3	0.9856	0.8810	0.9024	0.8916
Ecommerce	204	0.40	3	0.9888	0.9250	0.9024	0.9136
Ecommerce	204	0.45	3	0.9888	0.9250	0.9024	0.9136
Ecommerce	204	0.50	3	0.9888	0.9250	0.9024	0.9136
Ecommerce	204	0.55	3	0.9888	0.9250	0.9024	0.9136
Ecommerce	204	0.60	3	0.9904	0.9487	0.9024	0.9250
Ecommerce	204	0.65	3	0.9904	0.9487	0.9024	0.9250
Ecommerce	204	0.70	3	0.9920	0.9737	0.9024	0.9367
Ecommerce	204	0.75	3	0.9920	0.9737	0.9024	0.9367
Ecommerce	204	0.80	3	0.9920	0.9737	0.9024	0.9367
Ecommerce	204	0.85	3	0.9920	0.9737	0.9024	0.9367
Ecommerce	204	0.90	3	0.9920	0.9737	0.9024	0.9367
Ecommerce	204	0.95	3	0.9920	0.9737	0.9024	0.9367
Ecommerce	204	1.00	3	0.9342	0.0000	0.0000	0.0000
Ecommerce	204	0.00	4	0.0643	0.0643	1.0000	0.1208
Ecommerce	204	0.05	4	0.8650	0.3167	0.9500	0.4750
Ecommerce	204	0.10	4	0.9775	0.7600	0.9500	0.8444
Ecommerce	204	0.15	4	0.9871	0.8636	0.9500	0.9048
Ecommerce	204	0.20	4	0.9920	0.9268	0.9500	0.9383
Ecommerce	204	0.25	4	0.9968	1.0000	0.9500	0.9744
Ecommerce	204	0.30	4	0.9968	1.0000	0.9500	0.9744
Ecommerce	204	0.35	4	0.9968	1.0000	0.9500	0.9744
Ecommerce	204	0.40	4	0.9968	1.0000	0.9500	0.9744
Ecommerce	204	0.45	4	0.9968	1.0000	0.9500	0.9744
Ecommerce	204	0.50	4	0.9968	1.0000	0.9500	0.9744
Ecommerce	204	0.55	4	0.9968	1.0000	0.9500	0.9744
Ecommerce	204	0.60	4	0.9968	1.0000	0.9500	0.9744
Ecommerce	204	0.65	4	0.9968	1.0000	0.9500	0.9744
Ecommerce	204	0.70	4	0.9968	1.0000	0.9500	0.9744
Ecommerce	204	0.75	4	0.9968	1.0000	0.9500	0.9744
Ecommerce	204	0.80	4	0.9968	1.0000	0.9500	0.9744
Ecommerce	204	0.85	4	0.9968	1.0000	0.9500	0.9744
Ecommerce	204	0.90	4	0.9952	1.0000	0.9250	0.9610
Ecommerce	204	0.95	4	0.9936	1.0000	0.9000	0.9474
Ecommerce	204	1.00	4	0.9357	0.0000	0.0000	0.0000
Artificial Intelligence	197	0.00	0	0.0641	0.0641	1.0000	0.1205
Artificial Intelligence	197	0.05	0	0.9487	0.5625	0.9000	0.6923
Artificial Intelligence	197	0.10	0	0.9728	0.7347	0.9000	0.8090
Artificial Intelligence	197	0.15	0	0.9888	0.9231	0.9000	0.9114
Artificial Intelligence	197	0.20	0	0.9904	0.9474	0.9000	0.9231
Artificial Intelligence	197	0.25	0	0.9920	0.9730	0.9000	0.9351
Artificial Intelligence	197	0.30	0	0.9936	1.0000	0.9000	0.9474
Artificial Intelligence	197	0.35	0	0.9936	1.0000	0.9000	0.9474
Artificial Intelligence	197	0.40	0	0.9936	1.0000	0.9000	0.9474
Artificial Intelligence	197	0.45	0	0.9936	1.0000	0.9000	0.9474
Artificial Intelligence	197	0.50	0	0.9936	1.0000	0.9000	0.9474
Artificial Intelligence	197	0.55	0	0.9936	1.0000	0.9000	0.9474
Artificial Intelligence	197	0.60	0	0.9936	1.0000	0.9000	0.9474
Artificial Intelligence	197	0.65	0	0.9936	1.0000	0.9000	0.9474
Artificial Intelligence	197	0.70	0	0.9936	1.0000	0.9000	0.9474
Artificial Intelligence	197	0.75	0	0.9936	1.0000	0.9000	0.9474
Artificial Intelligence	197	0.80	0	0.9936	1.0000	0.9000	0.9474
Artificial Intelligence	197	0.85	0	0.9936	1.0000	0.9000	0.9474
Artificial Intelligence	197	0.90	0	0.9936	1.0000	0.9000	0.9474
Artificial Intelligence	197	0.95	0	0.9936	1.0000	0.9000	0.9474
Artificial Intelligence	197	1.00	0	0.9359	0.0000	0.0000	0.0000
Artificial Intelligence	197	0.00	1	0.0641	0.0641	1.0000	0.1205
Artificial Intelligence	197	0.05	1	0.9103	0.4111	0.9250	0.5692
Artificial Intelligence	197	0.10	1	0.9712	0.7200	0.9000	0.8000
Artificial Intelligence	197	0.15	1	0.9856	0.9189	0.8500	0.8831
Artificial Intelligence	197	0.20	1	0.9856	0.9189	0.8500	0.8831
Artificial Intelligence	197	0.25	1	0.9872	0.9444	0.8500	0.8947
Artificial Intelligence	197	0.30	1	0.9872	0.9444	0.8500	0.8947
Artificial Intelligence	197	0.35	1	0.9872	0.9444	0.8500	0.8947
Artificial Intelligence	197	0.40	1	0.9872	0.9444	0.8500	0.8947
Artificial Intelligence	197	0.45	1	0.9872	0.9444	0.8500	0.8947
Artificial Intelligence	197	0.50	1	0.9872	0.9444	0.8500	0.8947
Artificial Intelligence	197	0.55	1	0.9872	0.9444	0.8500	0.8947
Artificial Intelligence	197	0.60	1	0.9872	0.9444	0.8500	0.8947
Artificial Intelligence	197	0.65	1	0.9872	0.9444	0.8500	0.8947
Artificial Intelligence	197	0.70	1	0.9872	0.9444	0.8500	0.8947
Artificial Intelligence	197	0.75	1	0.9872	0.9444	0.8500	0.8947
Artificial Intelligence	197	0.80	1	0.9872	0.9444	0.8500	0.8947
Artificial Intelligence	197	0.85	1	0.9872	0.9444	0.8500	0.8947
Artificial Intelligence	197	0.90	1	0.9872	0.9444	0.8500	0.8947
Artificial Intelligence	197	0.95	1	0.9872	0.9444	0.8500	0.8947
Artificial Intelligence	197	1.00	1	0.9359	0.0000	0.0000	0.0000
Artificial Intelligence	197	0.00	2	0.0627	0.0627	1.0000	0.1180
Artificial Intelligence	197	0.05	2	0.9068	0.4000	0.9744	0.5672
Artificial Intelligence	197	0.10	2	0.9614	0.6230	0.9744	0.7600
Artificial Intelligence	197	0.15	2	0.9823	0.7917	0.9744	0.8736
Artificial Intelligence	197	0.20	2	0.9904	0.8837	0.9744	0.9268
Artificial Intelligence	197	0.25	2	0.9952	0.9500	0.9744	0.9620
Artificial Intelligence	197	0.30	2	0.9952	0.9500	0.9744	0.9620
Artificial Intelligence	197	0.35	2	0.9952	0.9500	0.9744	0.9620
Artificial Intelligence	197	0.40	2	0.9952	0.9500	0.9744	0.9620
Artificial Intelligence	197	0.45	2	0.9952	0.9500	0.9744	0.9620
Artificial Intelligence	197	0.50	2	0.9952	0.9500	0.9744	0.9620
Artificial Intelligence	197	0.55	2	0.9968	0.9744	0.9744	0.9744
Artificial Intelligence	197	0.60	2	0.9968	0.9744	0.9744	0.9744
Artificial Intelligence	197	0.65	2	0.9968	0.9744	0.9744	0.9744
Artificial Intelligence	197	0.70	2	0.9968	0.9744	0.9744	0.9744
Artificial Intelligence	197	0.75	2	0.9968	0.9744	0.9744	0.9744
Artificial Intelligence	197	0.80	2	0.9968	0.9744	0.9744	0.9744
Artificial Intelligence	197	0.85	2	0.9968	0.9744	0.9744	0.9744
Artificial Intelligence	197	0.90	2	0.9968	0.9744	0.9744	0.9744
Artificial Intelligence	197	0.95	2	0.9968	0.9744	0.9744	0.9744
Artificial Intelligence	197	1.00	2	0.9373	0.0000	0.0000	0.0000
Artificial Intelligence	197	0.00	3	0.0627	0.0627	1.0000	0.1180
Artificial Intelligence	197	0.05	3	0.9116	0.4149	1.0000	0.5865
Artificial Intelligence	197	0.10	3	0.9920	0.8864	1.0000	0.9398
Artificial Intelligence	197	0.15	3	0.9936	0.9487	0.9487	0.9487
Artificial Intelligence	197	0.20	3	0.9952	0.9737	0.9487	0.9610
Artificial Intelligence	197	0.25	3	0.9952	0.9737	0.9487	0.9610
Artificial Intelligence	197	0.30	3	0.9952	0.9737	0.9487	0.9610
Artificial Intelligence	197	0.35	3	0.9952	0.9737	0.9487	0.9610
Artificial Intelligence	197	0.40	3	0.9952	0.9737	0.9487	0.9610
Artificial Intelligence	197	0.45	3	0.9952	0.9737	0.9487	0.9610
Artificial Intelligence	197	0.50	3	0.9952	0.9737	0.9487	0.9610
Artificial Intelligence	197	0.55	3	0.9952	0.9737	0.9487	0.9610
Artificial Intelligence	197	0.60	3	0.9968	1.0000	0.9487	0.9737
Artificial Intelligence	197	0.65	3	0.9968	1.0000	0.9487	0.9737
Artificial Intelligence	197	0.70	3	0.9968	1.0000	0.9487	0.9737
Artificial Intelligence	197	0.75	3	0.9968	1.0000	0.9487	0.9737
Artificial Intelligence	197	0.80	3	0.9968	1.0000	0.9487	0.9737
Artificial Intelligence	197	0.85	3	0.9968	1.0000	0.9487	0.9737
Artificial Intelligence	197	0.90	3	0.9968	1.0000	0.9487	0.9737
Artificial Intelligence	197	0.95	3	0.9968	1.0000	0.9487	0.9737
Artificial Intelligence	197	1.00	3	0.9373	0.0000	0.0000	0.0000
Artificial Intelligence	197	0.00	4	0.0627	0.0627	1.0000	0.1180
Artificial Intelligence	197	0.05	4	0.9148	0.4222	0.9744	0.5891
Artificial Intelligence	197	0.10	4	0.9646	0.6441	0.9744	0.7755
Artificial Intelligence	197	0.15	4	0.9887	0.8636	0.9744	0.9157
Artificial Intelligence	197	0.20	4	0.9936	0.9268	0.9744	0.9500
Artificial Intelligence	197	0.25	4	0.9936	0.9268	0.9744	0.9500
Artificial Intelligence	197	0.30	4	0.9936	0.9268	0.9744	0.9500
Artificial Intelligence	197	0.35	4	0.9936	0.9268	0.9744	0.9500
Artificial Intelligence	197	0.40	4	0.9936	0.9268	0.9744	0.9500
Artificial Intelligence	197	0.45	4	0.9936	0.9268	0.9744	0.9500
Artificial Intelligence	197	0.50	4	0.9936	0.9268	0.9744	0.9500
Artificial Intelligence	197	0.55	4	0.9936	0.9268	0.9744	0.9500
Artificial Intelligence	197	0.60	4	0.9936	0.9268	0.9744	0.9500
Artificial Intelligence	197	0.65	4	0.9936	0.9268	0.9744	0.9500
Artificial Intelligence	197	0.70	4	0.9936	0.9268	0.9744	0.9500
Artificial Intelligence	197	0.75	4	0.9936	0.9268	0.9744	0.9500
Artificial Intelligence	197	0.80	4	0.9936	0.9268	0.9744	0.9500
Artificial Intelligence	197	0.85	4	0.9936	0.9268	0.9744	0.9500
Artificial Intelligence	197	0.90	4	0.9936	0.9268	0.9744	0.9500
Artificial Intelligence	197	0.95	4	0.9936	0.9268	0.9744	0.9500
Artificial Intelligence	197	1.00	4	0.9373	0.0000	0.0000	0.0000
