LABEL	POS_CNT	THRESHOLD	FOLD	ACCURACY	PRECISION	RECALL	F1
BioTech	185	0.00	0	0.0594	0.0594	1.0000	0.1121
BioTech	185	0.05	0	0.5040	0.1047	0.9730	0.1890
BioTech	185	0.10	0	0.9181	0.4186	0.9730	0.5854
BioTech	185	0.15	0	0.9551	0.5738	0.9459	0.7143
BioTech	185	0.20	0	0.9679	0.6667	0.9189	0.7727
BioTech	185	0.25	0	0.9727	0.7083	0.9189	0.8000
BioTech	185	0.30	0	0.9727	0.7083	0.9189	0.8000
BioTech	185	0.35	0	0.9775	0.7556	0.9189	0.8293
BioTech	185	0.40	0	0.9775	0.7556	0.9189	0.8293
BioTech	185	0.45	0	0.9775	0.7674	0.8919	0.8250
BioTech	185	0.50	0	0.9775	0.7674	0.8919	0.8250
BioTech	185	0.55	0	0.9775	0.7805	0.8649	0.8205
BioTech	185	0.60	0	0.9743	0.7838	0.7838	0.7838
BioTech	185	0.65	0	0.9695	0.7647	0.7027	0.7324
BioTech	185	0.70	0	0.9679	0.7576	0.6757	0.7143
BioTech	185	0.75	0	0.9647	0.7586	0.5946	0.6667
BioTech	185	0.80	0	0.9631	0.7692	0.5405	0.6349
BioTech	185	0.85	0	0.9631	0.7917	0.5135	0.6230
BioTech	185	0.90	0	0.9502	0.7143	0.2703	0.3922
BioTech	185	0.95	0	0.9454	0.6364	0.1892	0.2917
BioTech	185	1.00	0	0.9406	0.0000	0.0000	0.0000
BioTech	185	0.00	1	0.0594	0.0594	1.0000	0.1121
BioTech	185	0.05	1	0.4639	0.0997	1.0000	0.1814
BioTech	185	0.10	1	0.8748	0.3217	1.0000	0.4868
BioTech	185	0.15	1	0.9213	0.4302	1.0000	0.6016
BioTech	185	0.20	1	0.9486	0.5385	0.9459	0.6863
BioTech	185	0.25	1	0.9695	0.6731	0.9459	0.7865
BioTech	185	0.30	1	0.9775	0.7556	0.9189	0.8293
BioTech	185	0.35	1	0.9791	0.8000	0.8649	0.8312
BioTech	185	0.40	1	0.9823	0.8611	0.8378	0.8493
BioTech	185	0.45	1	0.9856	0.9375	0.8108	0.8696
BioTech	185	0.50	1	0.9856	0.9667	0.7838	0.8657
BioTech	185	0.55	1	0.9839	0.9655	0.7568	0.8485
BioTech	185	0.60	1	0.9839	1.0000	0.7297	0.8437
BioTech	185	0.65	1	0.9839	1.0000	0.7297	0.8437
BioTech	185	0.70	1	0.9839	1.0000	0.7297	0.8437
BioTech	185	0.75	1	0.9823	1.0000	0.7027	0.8254
BioTech	185	0.80	1	0.9807	1.0000	0.6757	0.8065
BioTech	185	0.85	1	0.9743	1.0000	0.5676	0.7241
BioTech	185	0.90	1	0.9679	1.0000	0.4595	0.6296
BioTech	185	0.95	1	0.9567	1.0000	0.2703	0.4255
BioTech	185	1.00	1	0.9406	0.0000	0.0000	0.0000
BioTech	185	0.00	2	0.0594	0.0594	1.0000	0.1121
BioTech	185	0.05	2	0.4318	0.0946	1.0000	0.1729
BioTech	185	0.10	2	0.8555	0.2913	1.0000	0.4512
BioTech	185	0.15	2	0.9262	0.4416	0.9189	0.5965
BioTech	185	0.20	2	0.9406	0.5000	0.8919	0.6408
BioTech	185	0.25	2	0.9647	0.6531	0.8649	0.7442
BioTech	185	0.30	2	0.9775	0.7805	0.8649	0.8205
BioTech	185	0.35	2	0.9856	0.9118	0.8378	0.8732
BioTech	185	0.40	2	0.9839	0.9355	0.7838	0.8529
BioTech	185	0.45	2	0.9839	0.9355	0.7838	0.8529
BioTech	185	0.50	2	0.9839	0.9355	0.7838	0.8529
BioTech	185	0.55	2	0.9823	0.9333	0.7568	0.8358
BioTech	185	0.60	2	0.9791	0.9286	0.7027	0.8000
BioTech	185	0.65	2	0.9775	0.9259	0.6757	0.7813
BioTech	185	0.70	2	0.9743	0.9200	0.6216	0.7419
BioTech	185	0.75	2	0.9711	0.9524	0.5405	0.6897
BioTech	185	0.80	2	0.9679	0.9474	0.4865	0.6429
BioTech	185	0.85	2	0.9631	0.9375	0.4054	0.5660
BioTech	185	0.90	2	0.9631	1.0000	0.3784	0.5490
BioTech	185	0.95	2	0.9567	1.0000	0.2703	0.4255
BioTech	185	1.00	2	0.9406	0.0000	0.0000	0.0000
BioTech	185	0.00	3	0.0594	0.0594	1.0000	0.1121
BioTech	185	0.05	3	0.4639	0.0997	1.0000	0.1814
BioTech	185	0.10	3	0.8796	0.3241	0.9459	0.4828
BioTech	185	0.15	3	0.9358	0.4776	0.8649	0.6154
BioTech	185	0.20	3	0.9567	0.6000	0.8108	0.6897
BioTech	185	0.25	3	0.9647	0.6829	0.7568	0.7179
BioTech	185	0.30	3	0.9711	0.7568	0.7568	0.7568
BioTech	185	0.35	3	0.9711	0.7879	0.7027	0.7429
BioTech	185	0.40	3	0.9743	0.8387	0.7027	0.7647
BioTech	185	0.45	3	0.9743	0.8387	0.7027	0.7647
BioTech	185	0.50	3	0.9743	0.8387	0.7027	0.7647
BioTech	185	0.55	3	0.9695	0.8214	0.6216	0.7077
BioTech	185	0.60	3	0.9615	0.8095	0.4595	0.5862
BioTech	185	0.65	3	0.9631	0.8500	0.4595	0.5965
BioTech	185	0.70	3	0.9631	0.8500	0.4595	0.5965
BioTech	185	0.75	3	0.9583	0.8235	0.3784	0.5185
BioTech	185	0.80	3	0.9535	0.7857	0.2973	0.4314
BioTech	185	0.85	3	0.9535	0.8333	0.2703	0.4082
BioTech	185	0.90	3	0.9535	0.9000	0.2432	0.3830
BioTech	185	0.95	3	0.9470	0.8333	0.1351	0.2326
BioTech	185	1.00	3	0.9406	0.0000	0.0000	0.0000
BioTech	185	0.00	4	0.0595	0.0595	1.0000	0.1123
BioTech	185	0.05	4	0.4019	0.0905	1.0000	0.1659
BioTech	185	0.10	4	0.8360	0.2662	1.0000	0.4205
BioTech	185	0.15	4	0.8939	0.3592	1.0000	0.5286
BioTech	185	0.20	4	0.9277	0.4512	1.0000	0.6218
BioTech	185	0.25	4	0.9421	0.5070	0.9730	0.6667
BioTech	185	0.30	4	0.9534	0.5645	0.9459	0.7071
BioTech	185	0.35	4	0.9614	0.6140	0.9459	0.7447
BioTech	185	0.40	4	0.9646	0.6364	0.9459	0.7609
BioTech	185	0.45	4	0.9727	0.7000	0.9459	0.8046
BioTech	185	0.50	4	0.9727	0.7174	0.8919	0.7952
BioTech	185	0.55	4	0.9711	0.7209	0.8378	0.7750
BioTech	185	0.60	4	0.9775	0.8108	0.8108	0.8108
BioTech	185	0.65	4	0.9807	0.8571	0.8108	0.8333
BioTech	185	0.70	4	0.9791	0.8529	0.7838	0.8169
BioTech	185	0.75	4	0.9791	0.8529	0.7838	0.8169
BioTech	185	0.80	4	0.9791	0.9000	0.7297	0.8060
BioTech	185	0.85	4	0.9727	0.8846	0.6216	0.7302
BioTech	185	0.90	4	0.9695	0.9500	0.5135	0.6667
BioTech	185	0.95	4	0.9614	0.9333	0.3784	0.5385
BioTech	185	1.00	4	0.9405	0.0000	0.0000	0.0000
Smartphones	198	0.00	0	0.0641	0.0641	1.0000	0.1205
Smartphones	198	0.05	0	0.2981	0.0837	1.0000	0.1544
Smartphones	198	0.10	0	0.7500	0.2041	1.0000	0.3390
Smartphones	198	0.15	0	0.8606	0.3120	0.9750	0.4727
Smartphones	198	0.20	0	0.8958	0.3762	0.9500	0.5390
Smartphones	198	0.25	0	0.9151	0.4253	0.9250	0.5827
Smartphones	198	0.30	0	0.9359	0.5000	0.9000	0.6429
Smartphones	198	0.35	0	0.9503	0.5714	0.9000	0.6990
Smartphones	198	0.40	0	0.9567	0.6102	0.9000	0.7273
Smartphones	198	0.45	0	0.9583	0.6250	0.8750	0.7292
Smartphones	198	0.50	0	0.9583	0.6346	0.8250	0.7174
Smartphones	198	0.55	0	0.9615	0.6600	0.8250	0.7333
Smartphones	198	0.60	0	0.9647	0.6875	0.8250	0.7500
Smartphones	198	0.65	0	0.9712	0.7500	0.8250	0.7857
Smartphones	198	0.70	0	0.9696	0.7561	0.7750	0.7654
Smartphones	198	0.75	0	0.9679	0.7500	0.7500	0.7500
Smartphones	198	0.80	0	0.9696	0.7838	0.7250	0.7532
Smartphones	198	0.85	0	0.9679	0.7941	0.6750	0.7297
Smartphones	198	0.90	0	0.9599	0.7778	0.5250	0.6269
Smartphones	198	0.95	0	0.9567	0.8824	0.3750	0.5263
Smartphones	198	1.00	0	0.9359	0.0000	0.0000	0.0000
Smartphones	198	0.00	1	0.0642	0.0642	1.0000	0.1207
Smartphones	198	0.05	1	0.3210	0.0864	1.0000	0.1590
Smartphones	198	0.10	1	0.7271	0.1875	0.9750	0.3145
Smartphones	198	0.15	1	0.8427	0.2769	0.9000	0.4235
Smartphones	198	0.20	1	0.8748	0.3273	0.9000	0.4800
Smartphones	198	0.25	1	0.9069	0.3977	0.8750	0.5469
Smartphones	198	0.30	1	0.9165	0.4250	0.8500	0.5667
Smartphones	198	0.35	1	0.9278	0.4638	0.8000	0.5872
Smartphones	198	0.40	1	0.9390	0.5172	0.7500	0.6122
Smartphones	198	0.45	1	0.9390	0.5192	0.6750	0.5870
Smartphones	198	0.50	1	0.9454	0.5625	0.6750	0.6136
Smartphones	198	0.55	1	0.9470	0.5778	0.6500	0.6118
Smartphones	198	0.60	1	0.9502	0.6098	0.6250	0.6173
Smartphones	198	0.65	1	0.9486	0.6053	0.5750	0.5897
Smartphones	198	0.70	1	0.9502	0.6286	0.5500	0.5867
Smartphones	198	0.75	1	0.9502	0.6452	0.5000	0.5634
Smartphones	198	0.80	1	0.9470	0.6522	0.3750	0.4762
Smartphones	198	0.85	1	0.9358	0.5000	0.2000	0.2857
Smartphones	198	0.90	1	0.9374	0.5333	0.2000	0.2909
Smartphones	198	0.95	1	0.9390	0.5833	0.1750	0.2692
Smartphones	198	1.00	1	0.9358	0.0000	0.0000	0.0000
Smartphones	198	0.00	2	0.0642	0.0642	1.0000	0.1207
Smartphones	198	0.05	2	0.2697	0.0808	1.0000	0.1495
Smartphones	198	0.10	2	0.7480	0.2030	1.0000	0.3376
Smartphones	198	0.15	2	0.8475	0.2963	1.0000	0.4571
Smartphones	198	0.20	2	0.8828	0.3514	0.9750	0.5166
Smartphones	198	0.25	2	0.9149	0.4235	0.9000	0.5760
Smartphones	198	0.30	2	0.9326	0.4861	0.8750	0.6250
Smartphones	198	0.35	2	0.9454	0.5484	0.8500	0.6667
Smartphones	198	0.40	2	0.9518	0.5962	0.7750	0.6739
Smartphones	198	0.45	2	0.9567	0.6444	0.7250	0.6824
Smartphones	198	0.50	2	0.9647	0.7368	0.7000	0.7179
Smartphones	198	0.55	2	0.9679	0.7778	0.7000	0.7368
Smartphones	198	0.60	2	0.9663	0.7879	0.6500	0.7123
Smartphones	198	0.65	2	0.9679	0.8125	0.6500	0.7222
Smartphones	198	0.70	2	0.9711	0.8667	0.6500	0.7429
Smartphones	198	0.75	2	0.9679	0.8571	0.6000	0.7059
Smartphones	198	0.80	2	0.9679	0.9545	0.5250	0.6774
Smartphones	198	0.85	2	0.9647	1.0000	0.4500	0.6207
Smartphones	198	0.90	2	0.9631	1.0000	0.4250	0.5965
Smartphones	198	0.95	2	0.9567	1.0000	0.3250	0.4906
Smartphones	198	1.00	2	0.9358	0.0000	0.0000	0.0000
Smartphones	198	0.00	3	0.0627	0.0627	1.0000	0.1180
Smartphones	198	0.05	3	0.3328	0.0822	0.9487	0.1513
Smartphones	198	0.10	3	0.7669	0.2022	0.9231	0.3318
Smartphones	198	0.15	3	0.8666	0.3103	0.9231	0.4645
Smartphones	198	0.20	3	0.8891	0.3469	0.8718	0.4964
Smartphones	198	0.25	3	0.9212	0.4342	0.8462	0.5739
Smartphones	198	0.30	3	0.9453	0.5424	0.8205	0.6531
Smartphones	198	0.35	3	0.9614	0.6531	0.8205	0.7273
Smartphones	198	0.40	3	0.9678	0.7111	0.8205	0.7619
Smartphones	198	0.45	3	0.9695	0.7500	0.7692	0.7595
Smartphones	198	0.50	3	0.9711	0.7838	0.7436	0.7632
Smartphones	198	0.55	3	0.9727	0.8056	0.7436	0.7733
Smartphones	198	0.60	3	0.9743	0.8710	0.6923	0.7714
Smartphones	198	0.65	3	0.9711	0.8889	0.6154	0.7273
Smartphones	198	0.70	3	0.9678	0.9130	0.5385	0.6774
Smartphones	198	0.75	3	0.9646	0.9048	0.4872	0.6333
Smartphones	198	0.80	3	0.9630	0.9000	0.4615	0.6102
Smartphones	198	0.85	3	0.9582	0.9333	0.3590	0.5185
Smartphones	198	0.90	3	0.9534	0.9167	0.2821	0.4314
Smartphones	198	0.95	3	0.9502	1.0000	0.2051	0.3404
Smartphones	198	1.00	3	0.9373	0.0000	0.0000	0.0000
Smartphones	198	0.00	4	0.0627	0.0627	1.0000	0.1180
Smartphones	198	0.05	4	0.4212	0.0937	0.9487	0.1705
Smartphones	198	0.10	4	0.8248	0.2266	0.7436	0.3473
Smartphones	198	0.15	4	0.9100	0.3651	0.5897	0.4510
Smartphones	198	0.20	4	0.9373	0.5000	0.4872	0.4935
Smartphones	198	0.25	4	0.9437	0.5625	0.4615	0.5070
Smartphones	198	0.30	4	0.9469	0.6154	0.4103	0.4923
Smartphones	198	0.35	4	0.9453	0.6087	0.3590	0.4516
Smartphones	198	0.40	4	0.9469	0.6364	0.3590	0.4590
Smartphones	198	0.45	4	0.9502	0.7000	0.3590	0.4746
Smartphones	198	0.50	4	0.9486	0.7059	0.3077	0.4286
Smartphones	198	0.55	4	0.9502	0.7500	0.3077	0.4364
Smartphones	198	0.60	4	0.9502	0.7857	0.2821	0.4151
Smartphones	198	0.65	4	0.9486	0.7692	0.2564	0.3846
Smartphones	198	0.70	4	0.9486	0.7692	0.2564	0.3846
Smartphones	198	0.75	4	0.9502	0.9000	0.2308	0.3673
Smartphones	198	0.80	4	0.9469	0.8750	0.1795	0.2979
Smartphones	198	0.85	4	0.9469	1.0000	0.1538	0.2667
Smartphones	198	0.90	4	0.9453	1.0000	0.1282	0.2273
Smartphones	198	0.95	4	0.9453	1.0000	0.1282	0.2273
Smartphones	198	1.00	4	0.9373	0.0000	0.0000	0.0000
Internet of Things	102	0.00	0	0.0337	0.0337	1.0000	0.0651
Internet of Things	102	0.05	0	0.7548	0.1207	1.0000	0.2154
Internet of Things	102	0.10	0	0.9487	0.3962	1.0000	0.5676
Internet of Things	102	0.15	0	0.9647	0.4884	1.0000	0.6562
Internet of Things	102	0.20	0	0.9776	0.6000	1.0000	0.7500
Internet of Things	102	0.25	0	0.9808	0.6452	0.9524	0.7692
Internet of Things	102	0.30	0	0.9840	0.6897	0.9524	0.8000
Internet of Things	102	0.35	0	0.9888	0.7692	0.9524	0.8511
Internet of Things	102	0.40	0	0.9904	0.8000	0.9524	0.8696
Internet of Things	102	0.45	0	0.9920	0.8333	0.9524	0.8889
Internet of Things	102	0.50	0	0.9920	0.8636	0.9048	0.8837
Internet of Things	102	0.55	0	0.9904	0.8571	0.8571	0.8571
Internet of Things	102	0.60	0	0.9936	0.9474	0.8571	0.9000
Internet of Things	102	0.65	0	0.9936	0.9474	0.8571	0.9000
Internet of Things	102	0.70	0	0.9936	0.9474	0.8571	0.9000
Internet of Things	102	0.75	0	0.9936	0.9474	0.8571	0.9000
Internet of Things	102	0.80	0	0.9920	0.9444	0.8095	0.8718
Internet of Things	102	0.85	0	0.9920	0.9444	0.8095	0.8718
Internet of Things	102	0.90	0	0.9888	0.9375	0.7143	0.8108
Internet of Things	102	0.95	0	0.9840	0.9231	0.5714	0.7059
Internet of Things	102	1.00	0	0.9663	0.0000	0.0000	0.0000
Internet of Things	102	0.00	1	0.0337	0.0337	1.0000	0.0651
Internet of Things	102	0.05	1	0.7901	0.1284	0.9048	0.2249
Internet of Things	102	0.10	1	0.9151	0.2576	0.8095	0.3908
Internet of Things	102	0.15	1	0.9391	0.3333	0.8095	0.4722
Internet of Things	102	0.20	1	0.9503	0.3864	0.8095	0.5231
Internet of Things	102	0.25	1	0.9567	0.4250	0.8095	0.5574
Internet of Things	102	0.30	1	0.9599	0.4474	0.8095	0.5763
Internet of Things	102	0.35	1	0.9663	0.5000	0.8095	0.6182
Internet of Things	102	0.40	1	0.9696	0.5312	0.8095	0.6415
Internet of Things	102	0.45	1	0.9760	0.6071	0.8095	0.6939
Internet of Things	102	0.50	1	0.9840	0.7391	0.8095	0.7727
Internet of Things	102	0.55	1	0.9872	0.8095	0.8095	0.8095
Internet of Things	102	0.60	1	0.9888	0.8500	0.8095	0.8293
Internet of Things	102	0.65	1	0.9904	0.8947	0.8095	0.8500
Internet of Things	102	0.70	1	0.9920	0.9444	0.8095	0.8718
Internet of Things	102	0.75	1	0.9904	0.9412	0.7619	0.8421
Internet of Things	102	0.80	1	0.9888	0.9375	0.7143	0.8108
Internet of Things	102	0.85	1	0.9856	0.9286	0.6190	0.7429
Internet of Things	102	0.90	1	0.9808	0.9091	0.4762	0.6250
Internet of Things	102	0.95	1	0.9760	0.8750	0.3333	0.4828
Internet of Things	102	1.00	1	0.9663	0.0000	0.0000	0.0000
Internet of Things	102	0.00	2	0.0322	0.0322	1.0000	0.0623
Internet of Things	102	0.05	2	0.7942	0.1301	0.9500	0.2289
Internet of Things	102	0.10	2	0.9469	0.3673	0.9000	0.5217
Internet of Things	102	0.15	2	0.9614	0.4500	0.9000	0.6000
Internet of Things	102	0.20	2	0.9662	0.4865	0.9000	0.6316
Internet of Things	102	0.25	2	0.9791	0.6296	0.8500	0.7234
Internet of Things	102	0.30	2	0.9839	0.7273	0.8000	0.7619
Internet of Things	102	0.35	2	0.9855	0.7619	0.8000	0.7805
Internet of Things	102	0.40	2	0.9887	0.8421	0.8000	0.8205
Internet of Things	102	0.45	2	0.9887	0.8421	0.8000	0.8205
Internet of Things	102	0.50	2	0.9904	0.8889	0.8000	0.8421
Internet of Things	102	0.55	2	0.9904	0.8889	0.8000	0.8421
Internet of Things	102	0.60	2	0.9904	0.8889	0.8000	0.8421
Internet of Things	102	0.65	2	0.9920	0.9412	0.8000	0.8649
Internet of Things	102	0.70	2	0.9920	0.9412	0.8000	0.8649
Internet of Things	102	0.75	2	0.9920	0.9412	0.8000	0.8649
Internet of Things	102	0.80	2	0.9887	0.9333	0.7000	0.8000
Internet of Things	102	0.85	2	0.9839	0.9167	0.5500	0.6875
Internet of Things	102	0.90	2	0.9807	0.9000	0.4500	0.6000
Internet of Things	102	0.95	2	0.9807	0.9000	0.4500	0.6000
Internet of Things	102	1.00	2	0.9678	0.0000	0.0000	0.0000
Internet of Things	102	0.00	3	0.0322	0.0322	1.0000	0.0623
Internet of Things	102	0.05	3	0.7508	0.1143	1.0000	0.2051
Internet of Things	102	0.10	3	0.9293	0.3125	1.0000	0.4762
Internet of Things	102	0.15	3	0.9534	0.4082	1.0000	0.5797
Internet of Things	102	0.20	3	0.9646	0.4762	1.0000	0.6452
Internet of Things	102	0.25	3	0.9711	0.5263	1.0000	0.6897
Internet of Things	102	0.30	3	0.9775	0.5882	1.0000	0.7407
Internet of Things	102	0.35	3	0.9791	0.6061	1.0000	0.7547
Internet of Things	102	0.40	3	0.9823	0.6452	1.0000	0.7843
Internet of Things	102	0.45	3	0.9887	0.7407	1.0000	0.8511
Internet of Things	102	0.50	3	0.9871	0.7308	0.9500	0.8261
Internet of Things	102	0.55	3	0.9887	0.7826	0.9000	0.8372
Internet of Things	102	0.60	3	0.9904	0.8500	0.8500	0.8500
Internet of Things	102	0.65	3	0.9887	0.8421	0.8000	0.8205
Internet of Things	102	0.70	3	0.9920	0.9412	0.8000	0.8649
Internet of Things	102	0.75	3	0.9920	1.0000	0.7500	0.8571
Internet of Things	102	0.80	3	0.9920	1.0000	0.7500	0.8571
Internet of Things	102	0.85	3	0.9904	1.0000	0.7000	0.8235
Internet of Things	102	0.90	3	0.9871	1.0000	0.6000	0.7500
Internet of Things	102	0.95	3	0.9807	1.0000	0.4000	0.5714
Internet of Things	102	1.00	3	0.9678	0.0000	0.0000	0.0000
Internet of Things	102	0.00	4	0.0322	0.0322	1.0000	0.0623
Internet of Things	102	0.05	4	0.9019	0.2267	0.8500	0.3579
Internet of Things	102	0.10	4	0.9614	0.4444	0.8000	0.5714
Internet of Things	102	0.15	4	0.9743	0.5714	0.8000	0.6667
Internet of Things	102	0.20	4	0.9807	0.6818	0.7500	0.7143
Internet of Things	102	0.25	4	0.9823	0.7143	0.7500	0.7317
Internet of Things	102	0.30	4	0.9855	0.8235	0.7000	0.7568
Internet of Things	102	0.35	4	0.9855	0.8235	0.7000	0.7568
Internet of Things	102	0.40	4	0.9839	0.8125	0.6500	0.7222
Internet of Things	102	0.45	4	0.9839	0.8125	0.6500	0.7222
Internet of Things	102	0.50	4	0.9855	0.8667	0.6500	0.7429
Internet of Things	102	0.55	4	0.9855	0.8667	0.6500	0.7429
Internet of Things	102	0.60	4	0.9871	0.9286	0.6500	0.7647
Internet of Things	102	0.65	4	0.9871	0.9286	0.6500	0.7647
Internet of Things	102	0.70	4	0.9871	0.9286	0.6500	0.7647
Internet of Things	102	0.75	4	0.9855	0.9231	0.6000	0.7273
Internet of Things	102	0.80	4	0.9823	0.9091	0.5000	0.6452
Internet of Things	102	0.85	4	0.9791	0.8889	0.4000	0.5517
Internet of Things	102	0.90	4	0.9775	0.8750	0.3500	0.5000
Internet of Things	102	0.95	4	0.9759	0.8571	0.3000	0.4444
Internet of Things	102	1.00	4	0.9678	0.0000	0.0000	0.0000
Social Networks	464	0.00	0	0.1493	0.1493	1.0000	0.2598
Social Networks	464	0.05	0	0.3660	0.1893	0.9892	0.3178
Social Networks	464	0.10	0	0.6709	0.3108	0.9892	0.4730
Social Networks	464	0.15	0	0.8266	0.4603	0.9355	0.6170
Social Networks	464	0.20	0	0.9181	0.6667	0.9032	0.7671
Social Networks	464	0.25	0	0.9422	0.7714	0.8710	0.8182
Social Networks	464	0.30	0	0.9615	0.8791	0.8602	0.8696
Social Networks	464	0.35	0	0.9663	0.9091	0.8602	0.8840
Social Networks	464	0.40	0	0.9647	0.9176	0.8387	0.8764
Social Networks	464	0.45	0	0.9647	0.9176	0.8387	0.8764
Social Networks	464	0.50	0	0.9631	0.9167	0.8280	0.8701
Social Networks	464	0.55	0	0.9583	0.9136	0.7957	0.8506
Social Networks	464	0.60	0	0.9535	0.9103	0.7634	0.8304
Social Networks	464	0.65	0	0.9486	0.9067	0.7312	0.8095
Social Networks	464	0.70	0	0.9438	0.9394	0.6667	0.7799
Social Networks	464	0.75	0	0.9358	0.9492	0.6022	0.7368
Social Networks	464	0.80	0	0.9262	0.9434	0.5376	0.6849
Social Networks	464	0.85	0	0.9165	0.9556	0.4624	0.6232
Social Networks	464	0.90	0	0.9037	1.0000	0.3548	0.5238
Social Networks	464	0.95	0	0.8892	1.0000	0.2581	0.4103
Social Networks	464	1.00	0	0.8507	0.0000	0.0000	0.0000
Social Networks	464	0.00	1	0.1493	0.1493	1.0000	0.2598
Social Networks	464	0.05	1	0.3804	0.1942	1.0000	0.3252
Social Networks	464	0.10	1	0.6822	0.3196	1.0000	0.4844
Social Networks	464	0.15	1	0.8443	0.4895	1.0000	0.6572
Social Networks	464	0.20	1	0.9358	0.6992	1.0000	0.8230
Social Networks	464	0.25	1	0.9583	0.7815	1.0000	0.8774
Social Networks	464	0.30	1	0.9679	0.8230	1.0000	0.9029
Social Networks	464	0.35	1	0.9695	0.8426	0.9785	0.9055
Social Networks	464	0.40	1	0.9711	0.8571	0.9677	0.9091
Social Networks	464	0.45	1	0.9711	0.8866	0.9247	0.9053
Social Networks	464	0.50	1	0.9695	0.8936	0.9032	0.8984
Social Networks	464	0.55	1	0.9695	0.9205	0.8710	0.8950
Social Networks	464	0.60	1	0.9663	0.9390	0.8280	0.8800
Social Networks	464	0.65	1	0.9631	0.9487	0.7957	0.8655
Social Networks	464	0.70	1	0.9518	0.9565	0.7097	0.8148
Social Networks	464	0.75	1	0.9374	0.9500	0.6129	0.7451
Social Networks	464	0.80	1	0.9246	0.9423	0.5269	0.6759
Social Networks	464	0.85	1	0.9230	0.9787	0.4946	0.6571
Social Networks	464	0.90	1	0.9117	1.0000	0.4086	0.5802
Social Networks	464	0.95	1	0.8828	1.0000	0.2151	0.3540
Social Networks	464	1.00	1	0.8507	0.0000	0.0000	0.0000
Social Networks	464	0.00	2	0.1493	0.1493	1.0000	0.2598
Social Networks	464	0.05	2	0.3403	0.1845	1.0000	0.3116
Social Networks	464	0.10	2	0.6003	0.2719	1.0000	0.4276
Social Networks	464	0.15	2	0.8122	0.4423	0.9892	0.6113
Social Networks	464	0.20	2	0.9069	0.6190	0.9785	0.7583
Social Networks	464	0.25	2	0.9310	0.6953	0.9570	0.8054
Social Networks	464	0.30	2	0.9406	0.7414	0.9247	0.8230
Social Networks	464	0.35	2	0.9551	0.8095	0.9140	0.8586
Social Networks	464	0.40	2	0.9615	0.8416	0.9140	0.8763
Social Networks	464	0.45	2	0.9647	0.8737	0.8925	0.8830
Social Networks	464	0.50	2	0.9663	0.9186	0.8495	0.8827
Social Networks	464	0.55	2	0.9679	0.9398	0.8387	0.8864
Social Networks	464	0.60	2	0.9631	0.9487	0.7957	0.8655
Social Networks	464	0.65	2	0.9551	0.9452	0.7419	0.8313
Social Networks	464	0.70	2	0.9502	0.9429	0.7097	0.8098
Social Networks	464	0.75	2	0.9422	0.9831	0.6237	0.7632
Social Networks	464	0.80	2	0.9310	0.9808	0.5484	0.7034
Social Networks	464	0.85	2	0.9181	0.9773	0.4624	0.6277
Social Networks	464	0.90	2	0.9053	0.9722	0.3763	0.5426
Social Networks	464	0.95	2	0.8860	1.0000	0.2366	0.3826
Social Networks	464	1.00	2	0.8507	0.0000	0.0000	0.0000
Social Networks	464	0.00	3	0.1493	0.1493	1.0000	0.2598
Social Networks	464	0.05	3	0.3419	0.1849	1.0000	0.3121
Social Networks	464	0.10	3	0.6292	0.2857	0.9892	0.4434
Social Networks	464	0.15	3	0.8090	0.4375	0.9785	0.6047
Social Networks	464	0.20	3	0.9053	0.6164	0.9677	0.7531
Social Networks	464	0.25	3	0.9326	0.7107	0.9247	0.8037
Social Networks	464	0.30	3	0.9486	0.7850	0.9032	0.8400
Social Networks	464	0.35	3	0.9518	0.8119	0.8817	0.8454
Social Networks	464	0.40	3	0.9599	0.8617	0.8710	0.8663
Social Networks	464	0.45	3	0.9599	0.8953	0.8280	0.8603
Social Networks	464	0.50	3	0.9615	0.9259	0.8065	0.8621
Social Networks	464	0.55	3	0.9631	0.9487	0.7957	0.8655
Social Networks	464	0.60	3	0.9631	0.9487	0.7957	0.8655
Social Networks	464	0.65	3	0.9583	0.9467	0.7634	0.8452
Social Networks	464	0.70	3	0.9486	0.9420	0.6989	0.8025
Social Networks	464	0.75	3	0.9406	0.9375	0.6452	0.7643
Social Networks	464	0.80	3	0.9390	0.9508	0.6237	0.7532
Social Networks	464	0.85	3	0.9310	0.9464	0.5699	0.7114
Social Networks	464	0.90	3	0.9165	0.9767	0.4516	0.6176
Social Networks	464	0.95	3	0.8844	0.9565	0.2366	0.3793
Social Networks	464	1.00	3	0.8507	0.0000	0.0000	0.0000
Social Networks	464	0.00	4	0.1479	0.1479	1.0000	0.2577
Social Networks	464	0.05	4	0.3360	0.1822	1.0000	0.3082
Social Networks	464	0.10	4	0.6222	0.2813	1.0000	0.4391
Social Networks	464	0.15	4	0.8023	0.4272	0.9891	0.5967
Social Networks	464	0.20	4	0.9019	0.6054	0.9674	0.7448
Social Networks	464	0.25	4	0.9357	0.7097	0.9565	0.8148
Social Networks	464	0.30	4	0.9453	0.7636	0.9130	0.8317
Social Networks	464	0.35	4	0.9486	0.7830	0.9022	0.8384
Social Networks	464	0.40	4	0.9518	0.7981	0.9022	0.8469
Social Networks	464	0.45	4	0.9518	0.8039	0.8913	0.8454
Social Networks	464	0.50	4	0.9486	0.8061	0.8587	0.8316
Social Networks	464	0.55	4	0.9502	0.8280	0.8370	0.8324
Social Networks	464	0.60	4	0.9486	0.8333	0.8152	0.8242
Social Networks	464	0.65	4	0.9453	0.8372	0.7826	0.8090
Social Networks	464	0.70	4	0.9453	0.8537	0.7609	0.8046
Social Networks	464	0.75	4	0.9437	0.8701	0.7283	0.7929
Social Networks	464	0.80	4	0.9405	0.8986	0.6739	0.7702
Social Networks	464	0.85	4	0.9277	0.9123	0.5652	0.6980
Social Networks	464	0.90	4	0.9244	0.9245	0.5326	0.6759
Social Networks	464	0.95	4	0.8987	0.9677	0.3261	0.4878
Social Networks	464	1.00	4	0.8521	0.0000	0.0000	0.0000
Battery	63	0.00	0	0.0208	0.0208	1.0000	0.0408
Battery	63	0.05	0	0.9359	0.2453	1.0000	0.3939
Battery	63	0.10	0	0.9744	0.4444	0.9231	0.6000
Battery	63	0.15	0	0.9776	0.4783	0.8462	0.6111
Battery	63	0.20	0	0.9808	0.5238	0.8462	0.6471
Battery	63	0.25	0	0.9808	0.5238	0.8462	0.6471
Battery	63	0.30	0	0.9824	0.5500	0.8462	0.6667
Battery	63	0.35	0	0.9824	0.5500	0.8462	0.6667
Battery	63	0.40	0	0.9840	0.5789	0.8462	0.6875
Battery	63	0.45	0	0.9824	0.5556	0.7692	0.6452
Battery	63	0.50	0	0.9824	0.5556	0.7692	0.6452
Battery	63	0.55	0	0.9824	0.5556	0.7692	0.6452
Battery	63	0.60	0	0.9824	0.5556	0.7692	0.6452
Battery	63	0.65	0	0.9824	0.5625	0.6923	0.6207
Battery	63	0.70	0	0.9840	0.6000	0.6923	0.6429
Battery	63	0.75	0	0.9840	0.6000	0.6923	0.6429
Battery	63	0.80	0	0.9856	0.6667	0.6154	0.6400
Battery	63	0.85	0	0.9856	0.6667	0.6154	0.6400
Battery	63	0.90	0	0.9840	0.6364	0.5385	0.5833
Battery	63	0.95	0	0.9792	0.5000	0.2308	0.3158
Battery	63	1.00	0	0.9792	0.0000	0.0000	0.0000
Battery	63	0.00	1	0.0209	0.0209	1.0000	0.0409
Battery	63	0.05	1	0.9326	0.2364	1.0000	0.3824
Battery	63	0.10	1	0.9775	0.4815	1.0000	0.6500
Battery	63	0.15	1	0.9856	0.5909	1.0000	0.7429
Battery	63	0.20	1	0.9872	0.6190	1.0000	0.7647
Battery	63	0.25	1	0.9872	0.6190	1.0000	0.7647
Battery	63	0.30	1	0.9888	0.6500	1.0000	0.7879
Battery	63	0.35	1	0.9888	0.6500	1.0000	0.7879
Battery	63	0.40	1	0.9888	0.6500	1.0000	0.7879
Battery	63	0.45	1	0.9904	0.6842	1.0000	0.8125
Battery	63	0.50	1	0.9920	0.7222	1.0000	0.8387
Battery	63	0.55	1	0.9904	0.7059	0.9231	0.8000
Battery	63	0.60	1	0.9936	0.8000	0.9231	0.8571
Battery	63	0.65	1	0.9936	0.8000	0.9231	0.8571
Battery	63	0.70	1	0.9888	0.7500	0.6923	0.7200
Battery	63	0.75	1	0.9920	0.9000	0.6923	0.7826
Battery	63	0.80	1	0.9920	1.0000	0.6154	0.7619
Battery	63	0.85	1	0.9888	1.0000	0.4615	0.6316
Battery	63	0.90	1	0.9839	1.0000	0.2308	0.3750
Battery	63	0.95	1	0.9791	0.0000	0.0000	0.0000
Battery	63	1.00	1	0.9791	0.0000	0.0000	0.0000
Battery	63	0.00	2	0.0209	0.0209	1.0000	0.0409
Battery	63	0.05	2	0.9567	0.3158	0.9231	0.4706
Battery	63	0.10	2	0.9839	0.5882	0.7692	0.6667
Battery	63	0.15	2	0.9872	0.6667	0.7692	0.7143
Battery	63	0.20	2	0.9888	0.7143	0.7692	0.7407
Battery	63	0.25	2	0.9920	0.8333	0.7692	0.8000
Battery	63	0.30	2	0.9920	0.8333	0.7692	0.8000
Battery	63	0.35	2	0.9920	0.8333	0.7692	0.8000
Battery	63	0.40	2	0.9920	0.8333	0.7692	0.8000
Battery	63	0.45	2	0.9936	0.9091	0.7692	0.8333
Battery	63	0.50	2	0.9936	0.9091	0.7692	0.8333
Battery	63	0.55	2	0.9920	0.9000	0.6923	0.7826
Battery	63	0.60	2	0.9920	0.9000	0.6923	0.7826
Battery	63	0.65	2	0.9920	0.9000	0.6923	0.7826
Battery	63	0.70	2	0.9904	0.8889	0.6154	0.7273
Battery	63	0.75	2	0.9904	0.8889	0.6154	0.7273
Battery	63	0.80	2	0.9904	0.8889	0.6154	0.7273
Battery	63	0.85	2	0.9872	0.8571	0.4615	0.6000
Battery	63	0.90	2	0.9872	0.8571	0.4615	0.6000
Battery	63	0.95	2	0.9839	0.8000	0.3077	0.4444
Battery	63	1.00	2	0.9791	0.0000	0.0000	0.0000
Battery	63	0.00	3	0.0193	0.0193	1.0000	0.0379
Battery	63	0.05	3	0.9662	0.3636	1.0000	0.5333
Battery	63	0.10	3	0.9839	0.5500	0.9167	0.6875
Battery	63	0.15	3	0.9855	0.5789	0.9167	0.7097
Battery	63	0.20	3	0.9871	0.6111	0.9167	0.7333
Battery	63	0.25	3	0.9855	0.5882	0.8333	0.6897
Battery	63	0.30	3	0.9871	0.6250	0.8333	0.7143
Battery	63	0.35	3	0.9871	0.6250	0.8333	0.7143
Battery	63	0.40	3	0.9871	0.6250	0.8333	0.7143
Battery	63	0.45	3	0.9871	0.6250	0.8333	0.7143
Battery	63	0.50	3	0.9887	0.6667	0.8333	0.7407
Battery	63	0.55	3	0.9887	0.6667	0.8333	0.7407
Battery	63	0.60	3	0.9887	0.6667	0.8333	0.7407
Battery	63	0.65	3	0.9871	0.6429	0.7500	0.6923
Battery	63	0.70	3	0.9855	0.6154	0.6667	0.6400
Battery	63	0.75	3	0.9855	0.6154	0.6667	0.6400
Battery	63	0.80	3	0.9839	0.5833	0.5833	0.5833
Battery	63	0.85	3	0.9855	0.6364	0.5833	0.6087
Battery	63	0.90	3	0.9871	0.7500	0.5000	0.6000
Battery	63	0.95	3	0.9839	0.7500	0.2500	0.3750
Battery	63	1.00	3	0.9807	0.0000	0.0000	0.0000
Battery	63	0.00	4	0.0193	0.0193	1.0000	0.0379
Battery	63	0.05	4	0.9309	0.2182	1.0000	0.3582
Battery	63	0.10	4	0.9887	0.6316	1.0000	0.7742
Battery	63	0.15	4	0.9936	0.7500	1.0000	0.8571
Battery	63	0.20	4	0.9936	0.7500	1.0000	0.8571
Battery	63	0.25	4	0.9936	0.7500	1.0000	0.8571
Battery	63	0.30	4	0.9936	0.7500	1.0000	0.8571
Battery	63	0.35	4	0.9936	0.7500	1.0000	0.8571
Battery	63	0.40	4	0.9920	0.7333	0.9167	0.8148
Battery	63	0.45	4	0.9920	0.7333	0.9167	0.8148
Battery	63	0.50	4	0.9920	0.7333	0.9167	0.8148
Battery	63	0.55	4	0.9920	0.7333	0.9167	0.8148
Battery	63	0.60	4	0.9920	0.7333	0.9167	0.8148
Battery	63	0.65	4	0.9904	0.7143	0.8333	0.7692
Battery	63	0.70	4	0.9904	0.7500	0.7500	0.7500
Battery	63	0.75	4	0.9904	0.7500	0.7500	0.7500
Battery	63	0.80	4	0.9887	0.7273	0.6667	0.6957
Battery	63	0.85	4	0.9871	0.7000	0.5833	0.6364
Battery	63	0.90	4	0.9855	0.6667	0.5000	0.5714
Battery	63	0.95	4	0.9807	0.5000	0.1667	0.2500
Battery	63	1.00	4	0.9807	0.0000	0.0000	0.0000
Driverless Cars	134	0.00	0	0.0433	0.0433	1.0000	0.0831
Driverless Cars	134	0.05	0	0.9085	0.3214	1.0000	0.4865
Driverless Cars	134	0.10	0	0.9872	0.7714	1.0000	0.8710
Driverless Cars	134	0.15	0	0.9888	0.7941	1.0000	0.8852
Driverless Cars	134	0.20	0	0.9888	0.7941	1.0000	0.8852
Driverless Cars	134	0.25	0	0.9904	0.8182	1.0000	0.9000
Driverless Cars	134	0.30	0	0.9904	0.8387	0.9630	0.8966
Driverless Cars	134	0.35	0	0.9920	0.8667	0.9630	0.9123
Driverless Cars	134	0.40	0	0.9920	0.8667	0.9630	0.9123
Driverless Cars	134	0.45	0	0.9904	0.8621	0.9259	0.8929
Driverless Cars	134	0.50	0	0.9904	0.8621	0.9259	0.8929
Driverless Cars	134	0.55	0	0.9920	0.8929	0.9259	0.9091
Driverless Cars	134	0.60	0	0.9936	0.9259	0.9259	0.9259
Driverless Cars	134	0.65	0	0.9936	0.9259	0.9259	0.9259
Driverless Cars	134	0.70	0	0.9952	0.9615	0.9259	0.9434
Driverless Cars	134	0.75	0	0.9952	0.9615	0.9259	0.9434
Driverless Cars	134	0.80	0	0.9936	0.9600	0.8889	0.9231
Driverless Cars	134	0.85	0	0.9904	1.0000	0.7778	0.8750
Driverless Cars	134	0.90	0	0.9872	1.0000	0.7037	0.8261
Driverless Cars	134	0.95	0	0.9872	1.0000	0.7037	0.8261
Driverless Cars	134	1.00	0	0.9567	0.0000	0.0000	0.0000
Driverless Cars	134	0.00	1	0.0433	0.0433	1.0000	0.0831
Driverless Cars	134	0.05	1	0.8941	0.2903	1.0000	0.4500
Driverless Cars	134	0.10	1	0.9807	0.6923	1.0000	0.8182
Driverless Cars	134	0.15	1	0.9872	0.7714	1.0000	0.8710
Driverless Cars	134	0.20	1	0.9888	0.7941	1.0000	0.8852
Driverless Cars	134	0.25	1	0.9888	0.7941	1.0000	0.8852
Driverless Cars	134	0.30	1	0.9888	0.7941	1.0000	0.8852
Driverless Cars	134	0.35	1	0.9904	0.8182	1.0000	0.9000
Driverless Cars	134	0.40	1	0.9920	0.8438	1.0000	0.9153
Driverless Cars	134	0.45	1	0.9920	0.8438	1.0000	0.9153
Driverless Cars	134	0.50	1	0.9920	0.8438	1.0000	0.9153
Driverless Cars	134	0.55	1	0.9936	0.8710	1.0000	0.9310
Driverless Cars	134	0.60	1	0.9952	0.9000	1.0000	0.9474
Driverless Cars	134	0.65	1	0.9968	0.9310	1.0000	0.9643
Driverless Cars	134	0.70	1	0.9968	0.9310	1.0000	0.9643
Driverless Cars	134	0.75	1	0.9952	0.9286	0.9630	0.9455
Driverless Cars	134	0.80	1	0.9952	0.9286	0.9630	0.9455
Driverless Cars	134	0.85	1	0.9904	0.9200	0.8519	0.8846
Driverless Cars	134	0.90	1	0.9839	0.9048	0.7037	0.7917
Driverless Cars	134	0.95	1	0.9791	0.9375	0.5556	0.6977
Driverless Cars	134	1.00	1	0.9567	0.0000	0.0000	0.0000
Driverless Cars	134	0.00	2	0.0433	0.0433	1.0000	0.0831
Driverless Cars	134	0.05	2	0.9486	0.4576	1.0000	0.6279
Driverless Cars	134	0.10	2	0.9839	0.7297	1.0000	0.8437
Driverless Cars	134	0.15	2	0.9888	0.8125	0.9630	0.8814
Driverless Cars	134	0.20	2	0.9920	0.8667	0.9630	0.9123
Driverless Cars	134	0.25	2	0.9904	0.8621	0.9259	0.8929
Driverless Cars	134	0.30	2	0.9904	0.8621	0.9259	0.8929
Driverless Cars	134	0.35	2	0.9904	0.8621	0.9259	0.8929
Driverless Cars	134	0.40	2	0.9904	0.8621	0.9259	0.8929
Driverless Cars	134	0.45	2	0.9936	0.9259	0.9259	0.9259
Driverless Cars	134	0.50	2	0.9920	0.9231	0.8889	0.9057
Driverless Cars	134	0.55	2	0.9904	0.9200	0.8519	0.8846
Driverless Cars	134	0.60	2	0.9904	0.9200	0.8519	0.8846
Driverless Cars	134	0.65	2	0.9888	0.9167	0.8148	0.8627
Driverless Cars	134	0.70	2	0.9856	0.9091	0.7407	0.8163
Driverless Cars	134	0.75	2	0.9791	0.8889	0.5926	0.7111
Driverless Cars	134	0.80	2	0.9791	0.8889	0.5926	0.7111
Driverless Cars	134	0.85	2	0.9743	0.8667	0.4815	0.6190
Driverless Cars	134	0.90	2	0.9695	0.9000	0.3333	0.4865
Driverless Cars	134	0.95	2	0.9631	0.8333	0.1852	0.3030
Driverless Cars	134	1.00	2	0.9567	0.0000	0.0000	0.0000
Driverless Cars	134	0.00	3	0.0433	0.0433	1.0000	0.0831
Driverless Cars	134	0.05	3	0.9486	0.4576	1.0000	0.6279
Driverless Cars	134	0.10	3	0.9920	0.8438	1.0000	0.9153
Driverless Cars	134	0.15	3	0.9952	0.9286	0.9630	0.9455
Driverless Cars	134	0.20	3	0.9952	0.9286	0.9630	0.9455
Driverless Cars	134	0.25	3	0.9952	0.9286	0.9630	0.9455
Driverless Cars	134	0.30	3	0.9952	0.9286	0.9630	0.9455
Driverless Cars	134	0.35	3	0.9952	0.9286	0.9630	0.9455
Driverless Cars	134	0.40	3	0.9952	0.9286	0.9630	0.9455
Driverless Cars	134	0.45	3	0.9936	0.9259	0.9259	0.9259
Driverless Cars	134	0.50	3	0.9936	0.9259	0.9259	0.9259
Driverless Cars	134	0.55	3	0.9936	0.9259	0.9259	0.9259
Driverless Cars	134	0.60	3	0.9936	0.9259	0.9259	0.9259
Driverless Cars	134	0.65	3	0.9936	0.9600	0.8889	0.9231
Driverless Cars	134	0.70	3	0.9920	0.9583	0.8519	0.9020
Driverless Cars	134	0.75	3	0.9920	0.9583	0.8519	0.9020
Driverless Cars	134	0.80	3	0.9872	0.9524	0.7407	0.8333
Driverless Cars	134	0.85	3	0.9856	0.9500	0.7037	0.8085
Driverless Cars	134	0.90	3	0.9856	1.0000	0.6667	0.8000
Driverless Cars	134	0.95	3	0.9807	1.0000	0.5556	0.7143
Driverless Cars	134	1.00	3	0.9567	0.0000	0.0000	0.0000
Driverless Cars	134	0.00	4	0.0418	0.0418	1.0000	0.0802
Driverless Cars	134	0.05	4	0.9132	0.3250	1.0000	0.4906
Driverless Cars	134	0.10	4	0.9823	0.7027	1.0000	0.8254
Driverless Cars	134	0.15	4	0.9904	0.8125	1.0000	0.8966
Driverless Cars	134	0.20	4	0.9920	0.8387	1.0000	0.9123
Driverless Cars	134	0.25	4	0.9920	0.8387	1.0000	0.9123
Driverless Cars	134	0.30	4	0.9936	0.8667	1.0000	0.9286
Driverless Cars	134	0.35	4	0.9984	0.9630	1.0000	0.9811
Driverless Cars	134	0.40	4	0.9984	0.9630	1.0000	0.9811
Driverless Cars	134	0.45	4	0.9968	0.9615	0.9615	0.9615
Driverless Cars	134	0.50	4	0.9968	0.9615	0.9615	0.9615
Driverless Cars	134	0.55	4	0.9984	1.0000	0.9615	0.9804
Driverless Cars	134	0.60	4	0.9984	1.0000	0.9615	0.9804
Driverless Cars	134	0.65	4	0.9984	1.0000	0.9615	0.9804
Driverless Cars	134	0.70	4	0.9984	1.0000	0.9615	0.9804
Driverless Cars	134	0.75	4	0.9968	1.0000	0.9231	0.9600
Driverless Cars	134	0.80	4	0.9952	1.0000	0.8846	0.9388
Driverless Cars	134	0.85	4	0.9936	1.0000	0.8462	0.9167
Driverless Cars	134	0.90	4	0.9904	1.0000	0.7692	0.8696
Driverless Cars	134	0.95	4	0.9791	1.0000	0.5000	0.6667
Driverless Cars	134	1.00	4	0.9582	0.0000	0.0000	0.0000
Wearable Tech	219	0.00	0	0.0706	0.0706	1.0000	0.1319
Wearable Tech	219	0.05	0	0.3579	0.0991	1.0000	0.1803
Wearable Tech	219	0.10	0	0.8379	0.2950	0.9318	0.4481
Wearable Tech	219	0.15	0	0.9053	0.4227	0.9318	0.5816
Wearable Tech	219	0.20	0	0.9422	0.5541	0.9318	0.6949
Wearable Tech	219	0.25	0	0.9583	0.6452	0.9091	0.7547
Wearable Tech	219	0.30	0	0.9663	0.7091	0.8864	0.7879
Wearable Tech	219	0.35	0	0.9695	0.7358	0.8864	0.8041
Wearable Tech	219	0.40	0	0.9727	0.7755	0.8636	0.8172
Wearable Tech	219	0.45	0	0.9759	0.8222	0.8409	0.8315
Wearable Tech	219	0.50	0	0.9775	0.8750	0.7955	0.8333
Wearable Tech	219	0.55	0	0.9759	0.8718	0.7727	0.8193
Wearable Tech	219	0.60	0	0.9775	0.8947	0.7727	0.8293
Wearable Tech	219	0.65	0	0.9775	0.9167	0.7500	0.8250
Wearable Tech	219	0.70	0	0.9775	0.9167	0.7500	0.8250
Wearable Tech	219	0.75	0	0.9775	0.9412	0.7273	0.8205
Wearable Tech	219	0.80	0	0.9663	0.9600	0.5455	0.6957
Wearable Tech	219	0.85	0	0.9599	0.9524	0.4545	0.6154
Wearable Tech	219	0.90	0	0.9567	0.9474	0.4091	0.5714
Wearable Tech	219	0.95	0	0.9454	0.9167	0.2500	0.3929
Wearable Tech	219	1.00	0	0.9294	0.0000	0.0000	0.0000
Wearable Tech	219	0.00	1	0.0706	0.0706	1.0000	0.1319
Wearable Tech	219	0.05	1	0.3210	0.0942	1.0000	0.1722
Wearable Tech	219	0.10	1	0.8026	0.2635	1.0000	0.4171
Wearable Tech	219	0.15	1	0.8973	0.4057	0.9773	0.5733
Wearable Tech	219	0.20	1	0.9246	0.4831	0.9773	0.6466
Wearable Tech	219	0.25	1	0.9342	0.5181	0.9773	0.6772
Wearable Tech	219	0.30	1	0.9406	0.5467	0.9318	0.6891
Wearable Tech	219	0.35	1	0.9502	0.5942	0.9318	0.7257
Wearable Tech	219	0.40	1	0.9583	0.6406	0.9318	0.7593
Wearable Tech	219	0.45	1	0.9695	0.7193	0.9318	0.8119
Wearable Tech	219	0.50	1	0.9711	0.7407	0.9091	0.8163
Wearable Tech	219	0.55	1	0.9759	0.8222	0.8409	0.8315
Wearable Tech	219	0.60	1	0.9775	0.8409	0.8409	0.8409
Wearable Tech	219	0.65	1	0.9759	0.8372	0.8182	0.8276
Wearable Tech	219	0.70	1	0.9807	0.9211	0.7955	0.8537
Wearable Tech	219	0.75	1	0.9791	0.9697	0.7273	0.8312
Wearable Tech	219	0.80	1	0.9759	1.0000	0.6591	0.7945
Wearable Tech	219	0.85	1	0.9743	1.0000	0.6364	0.7778
Wearable Tech	219	0.90	1	0.9679	1.0000	0.5455	0.7059
Wearable Tech	219	0.95	1	0.9551	1.0000	0.3636	0.5333
Wearable Tech	219	1.00	1	0.9294	0.0000	0.0000	0.0000
Wearable Tech	219	0.00	2	0.0706	0.0706	1.0000	0.1319
Wearable Tech	219	0.05	2	0.3676	0.1005	1.0000	0.1826
Wearable Tech	219	0.10	2	0.8250	0.2848	0.9773	0.4410
Wearable Tech	219	0.15	2	0.8941	0.3962	0.9545	0.5600
Wearable Tech	219	0.20	2	0.9181	0.4607	0.9318	0.6165
Wearable Tech	219	0.25	2	0.9326	0.5132	0.8864	0.6500
Wearable Tech	219	0.30	2	0.9454	0.5735	0.8864	0.6964
Wearable Tech	219	0.35	2	0.9502	0.6032	0.8636	0.7103
Wearable Tech	219	0.40	2	0.9535	0.6230	0.8636	0.7238
Wearable Tech	219	0.45	2	0.9615	0.6786	0.8636	0.7600
Wearable Tech	219	0.50	2	0.9615	0.6923	0.8182	0.7500
Wearable Tech	219	0.55	2	0.9679	0.7500	0.8182	0.7826
Wearable Tech	219	0.60	2	0.9695	0.8049	0.7500	0.7765
Wearable Tech	219	0.65	2	0.9727	0.8649	0.7273	0.7901
Wearable Tech	219	0.70	2	0.9695	0.8788	0.6591	0.7532
Wearable Tech	219	0.75	2	0.9679	0.9000	0.6136	0.7297
Wearable Tech	219	0.80	2	0.9679	0.9286	0.5909	0.7222
Wearable Tech	219	0.85	2	0.9663	0.9600	0.5455	0.6957
Wearable Tech	219	0.90	2	0.9599	0.9524	0.4545	0.6154
Wearable Tech	219	0.95	2	0.9535	1.0000	0.3409	0.5085
Wearable Tech	219	1.00	2	0.9294	0.0000	0.0000	0.0000
Wearable Tech	219	0.00	3	0.0706	0.0706	1.0000	0.1319
Wearable Tech	219	0.05	3	0.4382	0.1077	0.9545	0.1935
Wearable Tech	219	0.10	3	0.8716	0.3421	0.8864	0.4937
Wearable Tech	219	0.15	3	0.9278	0.4933	0.8409	0.6218
Wearable Tech	219	0.20	3	0.9438	0.5692	0.8409	0.6789
Wearable Tech	219	0.25	3	0.9567	0.6604	0.7955	0.7216
Wearable Tech	219	0.30	3	0.9615	0.7000	0.7955	0.7447
Wearable Tech	219	0.35	3	0.9631	0.7442	0.7273	0.7356
Wearable Tech	219	0.40	3	0.9647	0.7750	0.7045	0.7381
Wearable Tech	219	0.45	3	0.9679	0.8158	0.7045	0.7561
Wearable Tech	219	0.50	3	0.9663	0.8108	0.6818	0.7407
Wearable Tech	219	0.55	3	0.9647	0.8235	0.6364	0.7179
Wearable Tech	219	0.60	3	0.9631	0.8387	0.5909	0.6933
Wearable Tech	219	0.65	3	0.9631	0.8387	0.5909	0.6933
Wearable Tech	219	0.70	3	0.9615	0.8571	0.5455	0.6667
Wearable Tech	219	0.75	3	0.9631	0.9200	0.5227	0.6667
Wearable Tech	219	0.80	3	0.9599	0.9130	0.4773	0.6269
Wearable Tech	219	0.85	3	0.9631	1.0000	0.4773	0.6462
Wearable Tech	219	0.90	3	0.9615	1.0000	0.4545	0.6250
Wearable Tech	219	0.95	3	0.9535	1.0000	0.3409	0.5085
Wearable Tech	219	1.00	3	0.9294	0.0000	0.0000	0.0000
Wearable Tech	219	0.00	4	0.0691	0.0691	1.0000	0.1293
Wearable Tech	219	0.05	4	0.3424	0.0951	1.0000	0.1737
Wearable Tech	219	0.10	4	0.8489	0.3111	0.9767	0.4719
Wearable Tech	219	0.15	4	0.9277	0.4881	0.9535	0.6457
Wearable Tech	219	0.20	4	0.9598	0.6452	0.9302	0.7619
Wearable Tech	219	0.25	4	0.9630	0.6786	0.8837	0.7677
Wearable Tech	219	0.30	4	0.9695	0.7308	0.8837	0.8000
Wearable Tech	219	0.35	4	0.9711	0.7451	0.8837	0.8085
Wearable Tech	219	0.40	4	0.9759	0.8043	0.8605	0.8315
Wearable Tech	219	0.45	4	0.9791	0.8409	0.8605	0.8506
Wearable Tech	219	0.50	4	0.9823	0.9000	0.8372	0.8675
Wearable Tech	219	0.55	4	0.9823	0.9211	0.8140	0.8642
Wearable Tech	219	0.60	4	0.9807	0.9429	0.7674	0.8462
Wearable Tech	219	0.65	4	0.9791	0.9412	0.7442	0.8312
Wearable Tech	219	0.70	4	0.9791	0.9412	0.7442	0.8312
Wearable Tech	219	0.75	4	0.9743	0.9355	0.6744	0.7838
Wearable Tech	219	0.80	4	0.9695	0.9286	0.6047	0.7324
Wearable Tech	219	0.85	4	0.9678	0.9600	0.5581	0.7059
Wearable Tech	219	0.90	4	0.9646	1.0000	0.4884	0.6562
Wearable Tech	219	0.95	4	0.9566	1.0000	0.3721	0.5424
Wearable Tech	219	1.00	4	0.9309	0.0000	0.0000	0.0000
Virtual Reality and Augmented Reality	88	0.00	0	0.0288	0.0288	1.0000	0.0561
Virtual Reality and Augmented Reality	88	0.05	0	0.8125	0.1163	0.8333	0.2041
Virtual Reality and Augmented Reality	88	0.10	0	0.9423	0.2955	0.7222	0.4194
Virtual Reality and Augmented Reality	88	0.15	0	0.9615	0.4000	0.6667	0.5000
Virtual Reality and Augmented Reality	88	0.20	0	0.9712	0.5000	0.6667	0.5714
Virtual Reality and Augmented Reality	88	0.25	0	0.9792	0.6316	0.6667	0.6486
Virtual Reality and Augmented Reality	88	0.30	0	0.9808	0.6667	0.6667	0.6667
Virtual Reality and Augmented Reality	88	0.35	0	0.9824	0.7333	0.6111	0.6667
Virtual Reality and Augmented Reality	88	0.40	0	0.9824	0.7333	0.6111	0.6667
Virtual Reality and Augmented Reality	88	0.45	0	0.9824	0.7333	0.6111	0.6667
Virtual Reality and Augmented Reality	88	0.50	0	0.9792	0.6923	0.5000	0.5806
Virtual Reality and Augmented Reality	88	0.55	0	0.9760	0.6364	0.3889	0.4828
Virtual Reality and Augmented Reality	88	0.60	0	0.9776	0.7500	0.3333	0.4615
Virtual Reality and Augmented Reality	88	0.65	0	0.9728	0.6000	0.1667	0.2609
Virtual Reality and Augmented Reality	88	0.70	0	0.9728	0.6667	0.1111	0.1905
Virtual Reality and Augmented Reality	88	0.75	0	0.9744	1.0000	0.1111	0.2000
Virtual Reality and Augmented Reality	88	0.80	0	0.9728	1.0000	0.0556	0.1053
Virtual Reality and Augmented Reality	88	0.85	0	0.9728	1.0000	0.0556	0.1053
Virtual Reality and Augmented Reality	88	0.90	0	0.9728	1.0000	0.0556	0.1053
Virtual Reality and Augmented Reality	88	0.95	0	0.9728	1.0000	0.0556	0.1053
Virtual Reality and Augmented Reality	88	1.00	0	0.9712	0.0000	0.0000	0.0000
Virtual Reality and Augmented Reality	88	0.00	1	0.0289	0.0289	1.0000	0.0562
Virtual Reality and Augmented Reality	88	0.05	1	0.7223	0.0899	0.9444	0.1643
Virtual Reality and Augmented Reality	88	0.10	1	0.9085	0.2329	0.9444	0.3736
Virtual Reality and Augmented Reality	88	0.15	1	0.9262	0.2667	0.8889	0.4103
Virtual Reality and Augmented Reality	88	0.20	1	0.9502	0.3488	0.8333	0.4918
Virtual Reality and Augmented Reality	88	0.25	1	0.9599	0.4054	0.8333	0.5455
Virtual Reality and Augmented Reality	88	0.30	1	0.9631	0.4286	0.8333	0.5660
Virtual Reality and Augmented Reality	88	0.35	1	0.9631	0.4242	0.7778	0.5490
Virtual Reality and Augmented Reality	88	0.40	1	0.9663	0.4516	0.7778	0.5714
Virtual Reality and Augmented Reality	88	0.45	1	0.9711	0.5000	0.7778	0.6087
Virtual Reality and Augmented Reality	88	0.50	1	0.9727	0.5185	0.7778	0.6222
Virtual Reality and Augmented Reality	88	0.55	1	0.9759	0.5600	0.7778	0.6512
Virtual Reality and Augmented Reality	88	0.60	1	0.9791	0.6087	0.7778	0.6829
Virtual Reality and Augmented Reality	88	0.65	1	0.9759	0.5714	0.6667	0.6154
Virtual Reality and Augmented Reality	88	0.70	1	0.9743	0.5500	0.6111	0.5789
Virtual Reality and Augmented Reality	88	0.75	1	0.9759	0.5789	0.6111	0.5946
Virtual Reality and Augmented Reality	88	0.80	1	0.9727	0.5333	0.4444	0.4848
Virtual Reality and Augmented Reality	88	0.85	1	0.9743	0.5833	0.3889	0.4667
Virtual Reality and Augmented Reality	88	0.90	1	0.9759	0.8000	0.2222	0.3478
Virtual Reality and Augmented Reality	88	0.95	1	0.9759	1.0000	0.1667	0.2857
Virtual Reality and Augmented Reality	88	1.00	1	0.9711	0.0000	0.0000	0.0000
Virtual Reality and Augmented Reality	88	0.00	2	0.0289	0.0289	1.0000	0.0562
Virtual Reality and Augmented Reality	88	0.05	2	0.7079	0.0900	1.0000	0.1651
Virtual Reality and Augmented Reality	88	0.10	2	0.9117	0.2319	0.8889	0.3678
Virtual Reality and Augmented Reality	88	0.15	2	0.9470	0.3333	0.8333	0.4762
Virtual Reality and Augmented Reality	88	0.20	2	0.9502	0.3415	0.7778	0.4746
Virtual Reality and Augmented Reality	88	0.25	2	0.9647	0.4333	0.7222	0.5417
Virtual Reality and Augmented Reality	88	0.30	2	0.9695	0.4815	0.7222	0.5778
Virtual Reality and Augmented Reality	88	0.35	2	0.9759	0.5652	0.7222	0.6341
Virtual Reality and Augmented Reality	88	0.40	2	0.9775	0.5909	0.7222	0.6500
Virtual Reality and Augmented Reality	88	0.45	2	0.9775	0.5909	0.7222	0.6500
Virtual Reality and Augmented Reality	88	0.50	2	0.9791	0.6190	0.7222	0.6667
Virtual Reality and Augmented Reality	88	0.55	2	0.9807	0.6500	0.7222	0.6842
Virtual Reality and Augmented Reality	88	0.60	2	0.9807	0.6500	0.7222	0.6842
Virtual Reality and Augmented Reality	88	0.65	2	0.9807	0.6667	0.6667	0.6667
Virtual Reality and Augmented Reality	88	0.70	2	0.9807	0.6875	0.6111	0.6471
Virtual Reality and Augmented Reality	88	0.75	2	0.9856	0.8462	0.6111	0.7097
Virtual Reality and Augmented Reality	88	0.80	2	0.9856	0.8462	0.6111	0.7097
Virtual Reality and Augmented Reality	88	0.85	2	0.9856	0.9091	0.5556	0.6897
Virtual Reality and Augmented Reality	88	0.90	2	0.9839	0.9000	0.5000	0.6429
Virtual Reality and Augmented Reality	88	0.95	2	0.9823	0.8889	0.4444	0.5926
Virtual Reality and Augmented Reality	88	1.00	2	0.9711	0.0000	0.0000	0.0000
Virtual Reality and Augmented Reality	88	0.00	3	0.0273	0.0273	1.0000	0.0532
Virtual Reality and Augmented Reality	88	0.05	3	0.7331	0.0929	1.0000	0.1700
Virtual Reality and Augmented Reality	88	0.10	3	0.9100	0.2254	0.9412	0.3636
Virtual Reality and Augmented Reality	88	0.15	3	0.9389	0.2941	0.8824	0.4412
Virtual Reality and Augmented Reality	88	0.20	3	0.9630	0.4062	0.7647	0.5306
Virtual Reality and Augmented Reality	88	0.25	3	0.9646	0.4138	0.7059	0.5217
Virtual Reality and Augmented Reality	88	0.30	3	0.9678	0.4444	0.7059	0.5455
Virtual Reality and Augmented Reality	88	0.35	3	0.9678	0.4444	0.7059	0.5455
Virtual Reality and Augmented Reality	88	0.40	3	0.9678	0.4444	0.7059	0.5455
Virtual Reality and Augmented Reality	88	0.45	3	0.9695	0.4615	0.7059	0.5581
Virtual Reality and Augmented Reality	88	0.50	3	0.9711	0.4800	0.7059	0.5714
Virtual Reality and Augmented Reality	88	0.55	3	0.9743	0.5217	0.7059	0.6000
Virtual Reality and Augmented Reality	88	0.60	3	0.9759	0.5455	0.7059	0.6154
Virtual Reality and Augmented Reality	88	0.65	3	0.9807	0.6316	0.7059	0.6667
Virtual Reality and Augmented Reality	88	0.70	3	0.9823	0.6667	0.7059	0.6857
Virtual Reality and Augmented Reality	88	0.75	3	0.9807	0.6471	0.6471	0.6471
Virtual Reality and Augmented Reality	88	0.80	3	0.9807	0.6923	0.5294	0.6000
Virtual Reality and Augmented Reality	88	0.85	3	0.9807	0.7273	0.4706	0.5714
Virtual Reality and Augmented Reality	88	0.90	3	0.9807	0.7273	0.4706	0.5714
Virtual Reality and Augmented Reality	88	0.95	3	0.9759	0.6667	0.2353	0.3478
Virtual Reality and Augmented Reality	88	1.00	3	0.9727	0.0000	0.0000	0.0000
Virtual Reality and Augmented Reality	88	0.00	4	0.0273	0.0273	1.0000	0.0532
Virtual Reality and Augmented Reality	88	0.05	4	0.7170	0.0881	1.0000	0.1619
Virtual Reality and Augmented Reality	88	0.10	4	0.8971	0.2099	1.0000	0.3469
Virtual Reality and Augmented Reality	88	0.15	4	0.9244	0.2656	1.0000	0.4198
Virtual Reality and Augmented Reality	88	0.20	4	0.9421	0.3137	0.9412	0.4706
Virtual Reality and Augmented Reality	88	0.25	4	0.9469	0.3182	0.8235	0.4590
Virtual Reality and Augmented Reality	88	0.30	4	0.9518	0.3415	0.8235	0.4828
Virtual Reality and Augmented Reality	88	0.35	4	0.9518	0.3333	0.7647	0.4643
Virtual Reality and Augmented Reality	88	0.40	4	0.9550	0.3429	0.7059	0.4615
Virtual Reality and Augmented Reality	88	0.45	4	0.9550	0.3333	0.6471	0.4400
Virtual Reality and Augmented Reality	88	0.50	4	0.9566	0.3438	0.6471	0.4490
Virtual Reality and Augmented Reality	88	0.55	4	0.9598	0.3667	0.6471	0.4681
Virtual Reality and Augmented Reality	88	0.60	4	0.9630	0.3750	0.5294	0.4390
Virtual Reality and Augmented Reality	88	0.65	4	0.9678	0.4286	0.5294	0.4737
Virtual Reality and Augmented Reality	88	0.70	4	0.9646	0.3529	0.3529	0.3529
Virtual Reality and Augmented Reality	88	0.75	4	0.9662	0.3750	0.3529	0.3636
Virtual Reality and Augmented Reality	88	0.80	4	0.9678	0.3636	0.2353	0.2857
Virtual Reality and Augmented Reality	88	0.85	4	0.9678	0.3636	0.2353	0.2857
Virtual Reality and Augmented Reality	88	0.90	4	0.9711	0.4000	0.1176	0.1818
Virtual Reality and Augmented Reality	88	0.95	4	0.9727	0.5000	0.1176	0.1905
Virtual Reality and Augmented Reality	88	1.00	4	0.9727	0.0000	0.0000	0.0000
Drone	145	0.00	0	0.0465	0.0465	1.0000	0.0890
Drone	145	0.05	0	0.7416	0.1526	1.0000	0.2648
Drone	145	0.10	0	0.9518	0.4915	1.0000	0.6591
Drone	145	0.15	0	0.9727	0.6304	1.0000	0.7733
Drone	145	0.20	0	0.9839	0.7436	1.0000	0.8529
Drone	145	0.25	0	0.9872	0.7838	1.0000	0.8788
Drone	145	0.30	0	0.9872	0.7838	1.0000	0.8788
Drone	145	0.35	0	0.9872	0.7838	1.0000	0.8788
Drone	145	0.40	0	0.9872	0.7838	1.0000	0.8788
Drone	145	0.45	0	0.9856	0.7778	0.9655	0.8615
Drone	145	0.50	0	0.9839	0.7714	0.9310	0.8438
Drone	145	0.55	0	0.9807	0.7576	0.8621	0.8065
Drone	145	0.60	0	0.9807	0.7742	0.8276	0.8000
Drone	145	0.65	0	0.9807	0.7742	0.8276	0.8000
Drone	145	0.70	0	0.9807	0.7931	0.7931	0.7931
Drone	145	0.75	0	0.9791	0.7857	0.7586	0.7719
Drone	145	0.80	0	0.9791	0.7857	0.7586	0.7719
Drone	145	0.85	0	0.9759	0.8182	0.6207	0.7059
Drone	145	0.90	0	0.9743	0.8421	0.5517	0.6667
Drone	145	0.95	0	0.9695	0.8125	0.4483	0.5778
Drone	145	1.00	0	0.9535	0.0000	0.0000	0.0000
Drone	145	0.00	1	0.0465	0.0465	1.0000	0.0890
Drone	145	0.05	1	0.7480	0.1559	1.0000	0.2698
Drone	145	0.10	1	0.9422	0.4462	1.0000	0.6170
Drone	145	0.15	1	0.9727	0.6304	1.0000	0.7733
Drone	145	0.20	1	0.9727	0.6364	0.9655	0.7671
Drone	145	0.25	1	0.9759	0.6667	0.9655	0.7887
Drone	145	0.30	1	0.9775	0.6829	0.9655	0.8000
Drone	145	0.35	1	0.9807	0.7179	0.9655	0.8235
Drone	145	0.40	1	0.9807	0.7179	0.9655	0.8235
Drone	145	0.45	1	0.9791	0.7105	0.9310	0.8060
Drone	145	0.50	1	0.9807	0.7429	0.8966	0.8125
Drone	145	0.55	1	0.9791	0.7353	0.8621	0.7937
Drone	145	0.60	1	0.9807	0.7576	0.8621	0.8065
Drone	145	0.65	1	0.9775	0.7778	0.7241	0.7500
Drone	145	0.70	1	0.9743	0.7600	0.6552	0.7037
Drone	145	0.75	1	0.9727	0.7500	0.6207	0.6792
Drone	145	0.80	1	0.9759	0.8182	0.6207	0.7059
Drone	145	0.85	1	0.9759	0.8500	0.5862	0.6939
Drone	145	0.90	1	0.9727	0.8333	0.5172	0.6383
Drone	145	0.95	1	0.9695	0.9167	0.3793	0.5366
Drone	145	1.00	1	0.9535	0.0000	0.0000	0.0000
Drone	145	0.00	2	0.0465	0.0465	1.0000	0.0890
Drone	145	0.05	2	0.8331	0.2180	1.0000	0.3580
Drone	145	0.10	2	0.9791	0.7105	0.9310	0.8060
Drone	145	0.15	2	0.9807	0.7297	0.9310	0.8182
Drone	145	0.20	2	0.9823	0.7812	0.8621	0.8197
Drone	145	0.25	2	0.9823	0.8000	0.8276	0.8136
Drone	145	0.30	2	0.9839	0.8276	0.8276	0.8276
Drone	145	0.35	2	0.9823	0.8214	0.7931	0.8070
Drone	145	0.40	2	0.9839	0.8519	0.7931	0.8214
Drone	145	0.45	2	0.9839	0.8519	0.7931	0.8214
Drone	145	0.50	2	0.9839	0.8519	0.7931	0.8214
Drone	145	0.55	2	0.9839	0.8519	0.7931	0.8214
Drone	145	0.60	2	0.9791	0.8333	0.6897	0.7547
Drone	145	0.65	2	0.9791	0.8636	0.6552	0.7451
Drone	145	0.70	2	0.9759	0.8500	0.5862	0.6939
Drone	145	0.75	2	0.9775	0.8947	0.5862	0.7083
Drone	145	0.80	2	0.9791	0.9444	0.5862	0.7234
Drone	145	0.85	2	0.9775	0.9412	0.5517	0.6957
Drone	145	0.90	2	0.9711	0.9231	0.4138	0.5714
Drone	145	0.95	2	0.9663	1.0000	0.2759	0.4324
Drone	145	1.00	2	0.9535	0.0000	0.0000	0.0000
Drone	145	0.00	3	0.0465	0.0465	1.0000	0.0890
Drone	145	0.05	3	0.8491	0.2358	1.0000	0.3816
Drone	145	0.10	3	0.9743	0.6512	0.9655	0.7778
Drone	145	0.15	3	0.9823	0.7500	0.9310	0.8308
Drone	145	0.20	3	0.9839	0.7879	0.8966	0.8387
Drone	145	0.25	3	0.9839	0.7879	0.8966	0.8387
Drone	145	0.30	3	0.9839	0.7879	0.8966	0.8387
Drone	145	0.35	3	0.9839	0.7879	0.8966	0.8387
Drone	145	0.40	3	0.9807	0.7742	0.8276	0.8000
Drone	145	0.45	3	0.9807	0.7931	0.7931	0.7931
Drone	145	0.50	3	0.9775	0.7778	0.7241	0.7500
Drone	145	0.55	3	0.9759	0.7692	0.6897	0.7273
Drone	145	0.60	3	0.9743	0.7600	0.6552	0.7037
Drone	145	0.65	3	0.9727	0.7500	0.6207	0.6792
Drone	145	0.70	3	0.9727	0.7500	0.6207	0.6792
Drone	145	0.75	3	0.9759	0.8182	0.6207	0.7059
Drone	145	0.80	3	0.9775	0.8571	0.6207	0.7200
Drone	145	0.85	3	0.9775	0.8571	0.6207	0.7200
Drone	145	0.90	3	0.9775	0.8947	0.5862	0.7083
Drone	145	0.95	3	0.9695	0.8571	0.4138	0.5581
Drone	145	1.00	3	0.9535	0.0000	0.0000	0.0000
Drone	145	0.00	4	0.0466	0.0466	1.0000	0.0891
Drone	145	0.05	4	0.7749	0.1716	1.0000	0.2929
Drone	145	0.10	4	0.9727	0.6304	1.0000	0.7733
Drone	145	0.15	4	0.9775	0.6744	1.0000	0.8056
Drone	145	0.20	4	0.9807	0.7073	1.0000	0.8286
Drone	145	0.25	4	0.9823	0.7250	1.0000	0.8406
Drone	145	0.30	4	0.9839	0.7436	1.0000	0.8529
Drone	145	0.35	4	0.9839	0.7436	1.0000	0.8529
Drone	145	0.40	4	0.9839	0.7436	1.0000	0.8529
Drone	145	0.45	4	0.9839	0.7568	0.9655	0.8485
Drone	145	0.50	4	0.9823	0.7500	0.9310	0.8308
Drone	145	0.55	4	0.9823	0.7647	0.8966	0.8254
Drone	145	0.60	4	0.9807	0.7742	0.8276	0.8000
Drone	145	0.65	4	0.9775	0.7586	0.7586	0.7586
Drone	145	0.70	4	0.9775	0.7586	0.7586	0.7586
Drone	145	0.75	4	0.9775	0.7778	0.7241	0.7500
Drone	145	0.80	4	0.9743	0.7826	0.6207	0.6923
Drone	145	0.85	4	0.9678	0.7368	0.4828	0.5833
Drone	145	0.90	4	0.9662	0.7222	0.4483	0.5532
Drone	145	0.95	4	0.9630	0.7500	0.3103	0.4390
Drone	145	1.00	4	0.9534	0.0000	0.0000	0.0000
NanoTech	155	0.00	0	0.0498	0.0498	1.0000	0.0948
NanoTech	155	0.05	0	0.4270	0.0799	1.0000	0.1480
NanoTech	155	0.10	0	0.9390	0.4478	0.9677	0.6122
NanoTech	155	0.15	0	0.9775	0.6977	0.9677	0.8108
NanoTech	155	0.20	0	0.9872	0.8108	0.9677	0.8824
NanoTech	155	0.25	0	0.9856	0.8056	0.9355	0.8657
NanoTech	155	0.30	0	0.9839	0.8000	0.9032	0.8485
NanoTech	155	0.35	0	0.9823	0.7941	0.8710	0.8308
NanoTech	155	0.40	0	0.9823	0.7941	0.8710	0.8308
NanoTech	155	0.45	0	0.9839	0.8182	0.8710	0.8438
NanoTech	155	0.50	0	0.9807	0.8065	0.8065	0.8065
NanoTech	155	0.55	0	0.9823	0.8333	0.8065	0.8197
NanoTech	155	0.60	0	0.9856	0.8929	0.8065	0.8475
NanoTech	155	0.65	0	0.9823	0.8846	0.7419	0.8070
NanoTech	155	0.70	0	0.9807	0.8800	0.7097	0.7857
NanoTech	155	0.75	0	0.9791	0.9091	0.6452	0.7547
NanoTech	155	0.80	0	0.9775	0.9048	0.6129	0.7308
NanoTech	155	0.85	0	0.9711	0.8824	0.4839	0.6250
NanoTech	155	0.90	0	0.9631	0.8333	0.3226	0.4651
NanoTech	155	0.95	0	0.9551	0.7143	0.1613	0.2632
NanoTech	155	1.00	0	0.9502	0.0000	0.0000	0.0000
NanoTech	155	0.00	1	0.0498	0.0498	1.0000	0.0948
NanoTech	155	0.05	1	0.4462	0.0824	1.0000	0.1523
NanoTech	155	0.10	1	0.9181	0.3780	1.0000	0.5487
NanoTech	155	0.15	1	0.9647	0.5849	1.0000	0.7381
NanoTech	155	0.20	1	0.9807	0.7209	1.0000	0.8378
NanoTech	155	0.25	1	0.9839	0.7561	1.0000	0.8611
NanoTech	155	0.30	1	0.9856	0.7750	1.0000	0.8732
NanoTech	155	0.35	1	0.9839	0.7692	0.9677	0.8571
NanoTech	155	0.40	1	0.9839	0.7838	0.9355	0.8529
NanoTech	155	0.45	1	0.9823	0.7778	0.9032	0.8358
NanoTech	155	0.50	1	0.9839	0.8000	0.9032	0.8485
NanoTech	155	0.55	1	0.9888	0.8750	0.9032	0.8889
NanoTech	155	0.60	1	0.9872	0.8710	0.8710	0.8710
NanoTech	155	0.65	1	0.9823	0.8571	0.7742	0.8136
NanoTech	155	0.70	1	0.9807	0.8519	0.7419	0.7931
NanoTech	155	0.75	1	0.9791	0.8750	0.6774	0.7636
NanoTech	155	0.80	1	0.9775	0.9048	0.6129	0.7308
NanoTech	155	0.85	1	0.9743	0.9412	0.5161	0.6667
NanoTech	155	0.90	1	0.9695	0.9286	0.4194	0.5778
NanoTech	155	0.95	1	0.9631	1.0000	0.2581	0.4103
NanoTech	155	1.00	1	0.9502	0.0000	0.0000	0.0000
NanoTech	155	0.00	2	0.0498	0.0498	1.0000	0.0948
NanoTech	155	0.05	2	0.4767	0.0868	1.0000	0.1598
NanoTech	155	0.10	2	0.9679	0.6078	1.0000	0.7561
NanoTech	155	0.15	2	0.9888	0.8158	1.0000	0.8986
NanoTech	155	0.20	2	0.9856	0.8235	0.9032	0.8615
NanoTech	155	0.25	2	0.9839	0.8182	0.8710	0.8438
NanoTech	155	0.30	2	0.9823	0.8333	0.8065	0.8197
NanoTech	155	0.35	2	0.9823	0.8333	0.8065	0.8197
NanoTech	155	0.40	2	0.9839	0.8621	0.8065	0.8333
NanoTech	155	0.45	2	0.9823	0.8571	0.7742	0.8136
NanoTech	155	0.50	2	0.9791	0.8750	0.6774	0.7636
NanoTech	155	0.55	2	0.9743	0.8571	0.5806	0.6923
NanoTech	155	0.60	2	0.9727	0.8500	0.5484	0.6667
NanoTech	155	0.65	2	0.9727	0.8500	0.5484	0.6667
NanoTech	155	0.70	2	0.9743	0.8947	0.5484	0.6800
NanoTech	155	0.75	2	0.9727	0.8889	0.5161	0.6531
NanoTech	155	0.80	2	0.9711	0.8824	0.4839	0.6250
NanoTech	155	0.85	2	0.9711	0.8824	0.4839	0.6250
NanoTech	155	0.90	2	0.9647	0.8462	0.3548	0.5000
NanoTech	155	0.95	2	0.9583	0.8571	0.1935	0.3158
NanoTech	155	1.00	2	0.9502	0.0000	0.0000	0.0000
NanoTech	155	0.00	3	0.0498	0.0498	1.0000	0.0948
NanoTech	155	0.05	3	0.4719	0.0861	1.0000	0.1586
NanoTech	155	0.10	3	0.9438	0.4697	1.0000	0.6392
NanoTech	155	0.15	3	0.9727	0.6522	0.9677	0.7792
NanoTech	155	0.20	3	0.9791	0.7250	0.9355	0.8169
NanoTech	155	0.25	3	0.9856	0.8235	0.9032	0.8615
NanoTech	155	0.30	3	0.9872	0.8485	0.9032	0.8750
NanoTech	155	0.35	3	0.9872	0.8485	0.9032	0.8750
NanoTech	155	0.40	3	0.9856	0.8438	0.8710	0.8571
NanoTech	155	0.45	3	0.9823	0.8333	0.8065	0.8197
NanoTech	155	0.50	3	0.9791	0.8462	0.7097	0.7719
NanoTech	155	0.55	3	0.9807	0.8800	0.7097	0.7857
NanoTech	155	0.60	3	0.9791	0.8750	0.6774	0.7636
NanoTech	155	0.65	3	0.9791	0.8750	0.6774	0.7636
NanoTech	155	0.70	3	0.9775	0.8696	0.6452	0.7407
NanoTech	155	0.75	3	0.9759	0.8636	0.6129	0.7170
NanoTech	155	0.80	3	0.9727	0.8500	0.5484	0.6667
NanoTech	155	0.85	3	0.9695	0.8750	0.4516	0.5957
NanoTech	155	0.90	3	0.9647	0.8462	0.3548	0.5000
NanoTech	155	0.95	3	0.9631	0.9000	0.2903	0.4390
NanoTech	155	1.00	3	0.9502	0.0000	0.0000	0.0000
NanoTech	155	0.00	4	0.0498	0.0498	1.0000	0.0949
NanoTech	155	0.05	4	0.4662	0.0854	1.0000	0.1574
NanoTech	155	0.10	4	0.9325	0.4225	0.9677	0.5882
NanoTech	155	0.15	4	0.9727	0.6522	0.9677	0.7792
NanoTech	155	0.20	4	0.9839	0.7692	0.9677	0.8571
NanoTech	155	0.25	4	0.9887	0.8529	0.9355	0.8923
NanoTech	155	0.30	4	0.9871	0.8485	0.9032	0.8750
NanoTech	155	0.35	4	0.9855	0.8438	0.8710	0.8571
NanoTech	155	0.40	4	0.9839	0.8387	0.8387	0.8387
NanoTech	155	0.45	4	0.9823	0.8333	0.8065	0.8197
NanoTech	155	0.50	4	0.9839	0.8621	0.8065	0.8333
NanoTech	155	0.55	4	0.9839	0.8621	0.8065	0.8333
NanoTech	155	0.60	4	0.9823	0.8846	0.7419	0.8070
NanoTech	155	0.65	4	0.9807	0.8800	0.7097	0.7857
NanoTech	155	0.70	4	0.9759	0.9000	0.5806	0.7059
NanoTech	155	0.75	4	0.9743	0.8947	0.5484	0.6800
NanoTech	155	0.80	4	0.9759	0.9444	0.5484	0.6939
NanoTech	155	0.85	4	0.9695	0.9286	0.4194	0.5778
NanoTech	155	0.90	4	0.9678	1.0000	0.3548	0.5238
NanoTech	155	0.95	4	0.9614	1.0000	0.2258	0.3684
NanoTech	155	1.00	4	0.9502	0.0000	0.0000	0.0000
Manufacturing	150	0.00	0	0.0482	0.0482	1.0000	0.0919
Manufacturing	150	0.05	0	0.3820	0.0702	0.9667	0.1309
Manufacturing	150	0.10	0	0.8652	0.2545	0.9333	0.4000
Manufacturing	150	0.15	0	0.9326	0.4118	0.9333	0.5714
Manufacturing	150	0.20	0	0.9374	0.4237	0.8333	0.5618
Manufacturing	150	0.25	0	0.9599	0.5581	0.8000	0.6575
Manufacturing	150	0.30	0	0.9695	0.6486	0.8000	0.7164
Manufacturing	150	0.35	0	0.9711	0.6765	0.7667	0.7188
Manufacturing	150	0.40	0	0.9727	0.6970	0.7667	0.7302
Manufacturing	150	0.45	0	0.9743	0.7333	0.7333	0.7333
Manufacturing	150	0.50	0	0.9759	0.7586	0.7333	0.7458
Manufacturing	150	0.55	0	0.9711	0.7308	0.6333	0.6786
Manufacturing	150	0.60	0	0.9695	0.7391	0.5667	0.6415
Manufacturing	150	0.65	0	0.9647	0.7222	0.4333	0.5417
Manufacturing	150	0.70	0	0.9615	0.6875	0.3667	0.4783
Manufacturing	150	0.75	0	0.9583	0.6667	0.2667	0.3810
Manufacturing	150	0.80	0	0.9599	0.7778	0.2333	0.3590
Manufacturing	150	0.85	0	0.9615	1.0000	0.2000	0.3333
Manufacturing	150	0.90	0	0.9583	1.0000	0.1333	0.2353
Manufacturing	150	0.95	0	0.9567	1.0000	0.1000	0.1818
Manufacturing	150	1.00	0	0.9518	0.0000	0.0000	0.0000
Manufacturing	150	0.00	1	0.0482	0.0482	1.0000	0.0919
Manufacturing	150	0.05	1	0.3435	0.0664	0.9667	0.1242
Manufacturing	150	0.10	1	0.7785	0.1667	0.9000	0.2812
Manufacturing	150	0.15	1	0.8684	0.2500	0.8667	0.3881
Manufacturing	150	0.20	1	0.9053	0.3165	0.8333	0.4587
Manufacturing	150	0.25	1	0.9197	0.3529	0.8000	0.4898
Manufacturing	150	0.30	1	0.9246	0.3692	0.8000	0.5053
Manufacturing	150	0.35	1	0.9310	0.3898	0.7667	0.5169
Manufacturing	150	0.40	1	0.9374	0.4151	0.7333	0.5301
Manufacturing	150	0.45	1	0.9470	0.4634	0.6333	0.5352
Manufacturing	150	0.50	1	0.9502	0.4872	0.6333	0.5507
Manufacturing	150	0.55	1	0.9518	0.5000	0.6000	0.5455
Manufacturing	150	0.60	1	0.9502	0.4857	0.5667	0.5231
Manufacturing	150	0.65	1	0.9502	0.4828	0.4667	0.4746
Manufacturing	150	0.70	1	0.9535	0.5200	0.4333	0.4727
Manufacturing	150	0.75	1	0.9502	0.4762	0.3333	0.3922
Manufacturing	150	0.80	1	0.9518	0.5000	0.3000	0.3750
Manufacturing	150	0.85	1	0.9567	0.6000	0.3000	0.4000
Manufacturing	150	0.90	1	0.9518	0.5000	0.2000	0.2857
Manufacturing	150	0.95	1	0.9518	0.5000	0.1000	0.1667
Manufacturing	150	1.00	1	0.9518	0.0000	0.0000	0.0000
Manufacturing	150	0.00	2	0.0482	0.0482	1.0000	0.0919
Manufacturing	150	0.05	2	0.3804	0.0659	0.9000	0.1227
Manufacturing	150	0.10	2	0.8234	0.1774	0.7333	0.2857
Manufacturing	150	0.15	2	0.8941	0.2692	0.7000	0.3889
Manufacturing	150	0.20	2	0.9021	0.2754	0.6333	0.3838
Manufacturing	150	0.25	2	0.9133	0.3065	0.6333	0.4130
Manufacturing	150	0.30	2	0.9197	0.3214	0.6000	0.4186
Manufacturing	150	0.35	2	0.9278	0.3529	0.6000	0.4444
Manufacturing	150	0.40	2	0.9326	0.3750	0.6000	0.4615
Manufacturing	150	0.45	2	0.9390	0.4091	0.6000	0.4865
Manufacturing	150	0.50	2	0.9406	0.4103	0.5333	0.4638
Manufacturing	150	0.55	2	0.9438	0.4324	0.5333	0.4776
Manufacturing	150	0.60	2	0.9454	0.4444	0.5333	0.4848
Manufacturing	150	0.65	2	0.9422	0.4118	0.4667	0.4375
Manufacturing	150	0.70	2	0.9390	0.3667	0.3667	0.3667
Manufacturing	150	0.75	2	0.9358	0.3077	0.2667	0.2857
Manufacturing	150	0.80	2	0.9358	0.2500	0.1667	0.2000
Manufacturing	150	0.85	2	0.9406	0.2667	0.1333	0.1778
Manufacturing	150	0.90	2	0.9454	0.3000	0.1000	0.1500
Manufacturing	150	0.95	2	0.9454	0.1667	0.0333	0.0556
Manufacturing	150	1.00	2	0.9518	0.0000	0.0000	0.0000
Manufacturing	150	0.00	3	0.0482	0.0482	1.0000	0.0919
Manufacturing	150	0.05	3	0.3258	0.0667	1.0000	0.1250
Manufacturing	150	0.10	3	0.8154	0.2069	1.0000	0.3429
Manufacturing	150	0.15	3	0.9021	0.3297	1.0000	0.4959
Manufacturing	150	0.20	3	0.9165	0.3625	0.9667	0.5273
Manufacturing	150	0.25	3	0.9278	0.3944	0.9333	0.5545
Manufacturing	150	0.30	3	0.9390	0.4355	0.9000	0.5870
Manufacturing	150	0.35	3	0.9390	0.4286	0.8000	0.5581
Manufacturing	150	0.40	3	0.9422	0.4400	0.7333	0.5500
Manufacturing	150	0.45	3	0.9438	0.4468	0.7000	0.5455
Manufacturing	150	0.50	3	0.9486	0.4737	0.6000	0.5294
Manufacturing	150	0.55	3	0.9470	0.4595	0.5667	0.5075
Manufacturing	150	0.60	3	0.9470	0.4545	0.5000	0.4762
Manufacturing	150	0.65	3	0.9470	0.4483	0.4333	0.4407
Manufacturing	150	0.70	3	0.9486	0.4583	0.3667	0.4074
Manufacturing	150	0.75	3	0.9470	0.4286	0.3000	0.3529
Manufacturing	150	0.80	3	0.9470	0.4118	0.2333	0.2979
Manufacturing	150	0.85	3	0.9502	0.4615	0.2000	0.2791
Manufacturing	150	0.90	3	0.9502	0.4545	0.1667	0.2439
Manufacturing	150	0.95	3	0.9535	0.5714	0.1333	0.2162
Manufacturing	150	1.00	3	0.9518	0.0000	0.0000	0.0000
Manufacturing	150	0.00	4	0.0482	0.0482	1.0000	0.0920
Manufacturing	150	0.05	4	0.3666	0.0708	1.0000	0.1322
Manufacturing	150	0.10	4	0.8232	0.2059	0.9333	0.3373
Manufacturing	150	0.15	4	0.8939	0.3000	0.9000	0.4500
Manufacturing	150	0.20	4	0.9293	0.3939	0.8667	0.5417
Manufacturing	150	0.25	4	0.9309	0.3968	0.8333	0.5376
Manufacturing	150	0.30	4	0.9293	0.3833	0.7667	0.5111
Manufacturing	150	0.35	4	0.9341	0.4035	0.7667	0.5287
Manufacturing	150	0.40	4	0.9341	0.4000	0.7333	0.5176
Manufacturing	150	0.45	4	0.9357	0.4074	0.7333	0.5238
Manufacturing	150	0.50	4	0.9357	0.3958	0.6333	0.4872
Manufacturing	150	0.55	4	0.9389	0.4130	0.6333	0.5000
Manufacturing	150	0.60	4	0.9405	0.4186	0.6000	0.4932
Manufacturing	150	0.65	4	0.9437	0.4359	0.5667	0.4928
Manufacturing	150	0.70	4	0.9453	0.4412	0.5000	0.4688
Manufacturing	150	0.75	4	0.9453	0.4333	0.4333	0.4333
Manufacturing	150	0.80	4	0.9486	0.4615	0.4000	0.4286
Manufacturing	150	0.85	4	0.9469	0.4211	0.2667	0.3265
Manufacturing	150	0.90	4	0.9453	0.3571	0.1667	0.2273
Manufacturing	150	0.95	4	0.9518	0.5000	0.1000	0.1667
Manufacturing	150	1.00	4	0.9518	0.0000	0.0000	0.0000
Ecommerce	204	0.00	0	0.0658	0.0658	1.0000	0.1235
Ecommerce	204	0.05	0	0.4494	0.1068	1.0000	0.1929
Ecommerce	204	0.10	0	0.9133	0.4316	1.0000	0.6029
Ecommerce	204	0.15	0	0.9695	0.6833	1.0000	0.8119
Ecommerce	204	0.20	0	0.9839	0.8039	1.0000	0.8913
Ecommerce	204	0.25	0	0.9888	0.8696	0.9756	0.9195
Ecommerce	204	0.30	0	0.9872	0.8667	0.9512	0.9070
Ecommerce	204	0.35	0	0.9904	0.9070	0.9512	0.9286
Ecommerce	204	0.40	0	0.9904	0.9070	0.9512	0.9286
Ecommerce	204	0.45	0	0.9904	0.9070	0.9512	0.9286
Ecommerce	204	0.50	0	0.9904	0.9268	0.9268	0.9268
Ecommerce	204	0.55	0	0.9888	0.9250	0.9024	0.9136
Ecommerce	204	0.60	0	0.9888	0.9250	0.9024	0.9136
Ecommerce	204	0.65	0	0.9872	0.9231	0.8780	0.9000
Ecommerce	204	0.70	0	0.9872	0.9459	0.8537	0.8974
Ecommerce	204	0.75	0	0.9872	0.9714	0.8293	0.8947
Ecommerce	204	0.80	0	0.9823	0.9688	0.7561	0.8493
Ecommerce	204	0.85	0	0.9807	0.9677	0.7317	0.8333
Ecommerce	204	0.90	0	0.9807	0.9677	0.7317	0.8333
Ecommerce	204	0.95	0	0.9759	0.9643	0.6585	0.7826
Ecommerce	204	1.00	0	0.9342	0.0000	0.0000	0.0000
Ecommerce	204	0.00	1	0.0658	0.0658	1.0000	0.1235
Ecommerce	204	0.05	1	0.6067	0.1434	1.0000	0.2508
Ecommerce	204	0.10	1	0.9342	0.5000	0.9024	0.6435
Ecommerce	204	0.15	1	0.9695	0.7115	0.9024	0.7957
Ecommerce	204	0.20	1	0.9727	0.7400	0.9024	0.8132
Ecommerce	204	0.25	1	0.9823	0.8409	0.9024	0.8706
Ecommerce	204	0.30	1	0.9823	0.8750	0.8537	0.8642
Ecommerce	204	0.35	1	0.9839	0.9189	0.8293	0.8718
Ecommerce	204	0.40	1	0.9856	0.9444	0.8293	0.8831
Ecommerce	204	0.45	1	0.9839	0.9429	0.8049	0.8684
Ecommerce	204	0.50	1	0.9839	0.9429	0.8049	0.8684
Ecommerce	204	0.55	1	0.9807	0.9394	0.7561	0.8378
Ecommerce	204	0.60	1	0.9807	0.9394	0.7561	0.8378
Ecommerce	204	0.65	1	0.9807	0.9394	0.7561	0.8378
Ecommerce	204	0.70	1	0.9807	0.9677	0.7317	0.8333
Ecommerce	204	0.75	1	0.9791	0.9667	0.7073	0.8169
Ecommerce	204	0.80	1	0.9775	0.9655	0.6829	0.8000
Ecommerce	204	0.85	1	0.9727	0.9615	0.6098	0.7463
Ecommerce	204	0.90	1	0.9695	1.0000	0.5366	0.6984
Ecommerce	204	0.95	1	0.9631	1.0000	0.4390	0.6102
Ecommerce	204	1.00	1	0.9342	0.0000	0.0000	0.0000
Ecommerce	204	0.00	2	0.0658	0.0658	1.0000	0.1235
Ecommerce	204	0.05	2	0.5040	0.1149	0.9756	0.2057
Ecommerce	204	0.10	2	0.9647	0.6727	0.9024	0.7708
Ecommerce	204	0.15	2	0.9856	0.9000	0.8780	0.8889
Ecommerce	204	0.20	2	0.9872	0.9459	0.8537	0.8974
Ecommerce	204	0.25	2	0.9888	0.9722	0.8537	0.9091
Ecommerce	204	0.30	2	0.9888	0.9722	0.8537	0.9091
Ecommerce	204	0.35	2	0.9872	0.9714	0.8293	0.8947
Ecommerce	204	0.40	2	0.9856	0.9706	0.8049	0.8800
Ecommerce	204	0.45	2	0.9839	0.9697	0.7805	0.8649
Ecommerce	204	0.50	2	0.9839	0.9697	0.7805	0.8649
Ecommerce	204	0.55	2	0.9839	0.9697	0.7805	0.8649
Ecommerce	204	0.60	2	0.9823	0.9688	0.7561	0.8493
Ecommerce	204	0.65	2	0.9823	0.9688	0.7561	0.8493
Ecommerce	204	0.70	2	0.9839	1.0000	0.7561	0.8611
Ecommerce	204	0.75	2	0.9823	1.0000	0.7317	0.8451
Ecommerce	204	0.80	2	0.9791	1.0000	0.6829	0.8116
Ecommerce	204	0.85	2	0.9775	1.0000	0.6585	0.7941
Ecommerce	204	0.90	2	0.9743	1.0000	0.6098	0.7576
Ecommerce	204	0.95	2	0.9695	1.0000	0.5366	0.6984
Ecommerce	204	1.00	2	0.9342	0.0000	0.0000	0.0000
Ecommerce	204	0.00	3	0.0658	0.0658	1.0000	0.1235
Ecommerce	204	0.05	3	0.4703	0.1105	1.0000	0.1990
Ecommerce	204	0.10	3	0.9213	0.4545	0.9756	0.6202
Ecommerce	204	0.15	3	0.9583	0.6230	0.9268	0.7451
Ecommerce	204	0.20	3	0.9775	0.7755	0.9268	0.8444
Ecommerce	204	0.25	3	0.9791	0.7917	0.9268	0.8539
Ecommerce	204	0.30	3	0.9872	0.8837	0.9268	0.9048
Ecommerce	204	0.35	3	0.9872	0.9024	0.9024	0.9024
Ecommerce	204	0.40	3	0.9888	0.9250	0.9024	0.9136
Ecommerce	204	0.45	3	0.9888	0.9250	0.9024	0.9136
Ecommerce	204	0.50	3	0.9888	0.9250	0.9024	0.9136
Ecommerce	204	0.55	3	0.9904	0.9487	0.9024	0.9250
Ecommerce	204	0.60	3	0.9888	0.9474	0.8780	0.9114
Ecommerce	204	0.65	3	0.9872	0.9459	0.8537	0.8974
Ecommerce	204	0.70	3	0.9888	0.9722	0.8537	0.9091
Ecommerce	204	0.75	3	0.9888	0.9722	0.8537	0.9091
Ecommerce	204	0.80	3	0.9888	0.9722	0.8537	0.9091
Ecommerce	204	0.85	3	0.9888	1.0000	0.8293	0.9067
Ecommerce	204	0.90	3	0.9823	1.0000	0.7317	0.8451
Ecommerce	204	0.95	3	0.9759	1.0000	0.6341	0.7761
Ecommerce	204	1.00	3	0.9342	0.0000	0.0000	0.0000
Ecommerce	204	0.00	4	0.0643	0.0643	1.0000	0.1208
Ecommerce	204	0.05	4	0.5129	0.1121	0.9500	0.2005
Ecommerce	204	0.10	4	0.9212	0.4458	0.9250	0.6016
Ecommerce	204	0.15	4	0.9775	0.7708	0.9250	0.8409
Ecommerce	204	0.20	4	0.9855	0.8605	0.9250	0.8916
Ecommerce	204	0.25	4	0.9904	0.9250	0.9250	0.9250
Ecommerce	204	0.30	4	0.9936	0.9737	0.9250	0.9487
Ecommerce	204	0.35	4	0.9952	1.0000	0.9250	0.9610
Ecommerce	204	0.40	4	0.9920	1.0000	0.8750	0.9333
Ecommerce	204	0.45	4	0.9904	1.0000	0.8500	0.9189
Ecommerce	204	0.50	4	0.9904	1.0000	0.8500	0.9189
Ecommerce	204	0.55	4	0.9887	1.0000	0.8250	0.9041
Ecommerce	204	0.60	4	0.9887	1.0000	0.8250	0.9041
Ecommerce	204	0.65	4	0.9887	1.0000	0.8250	0.9041
Ecommerce	204	0.70	4	0.9887	1.0000	0.8250	0.9041
Ecommerce	204	0.75	4	0.9887	1.0000	0.8250	0.9041
Ecommerce	204	0.80	4	0.9855	1.0000	0.7750	0.8732
Ecommerce	204	0.85	4	0.9839	1.0000	0.7500	0.8571
Ecommerce	204	0.90	4	0.9711	1.0000	0.5500	0.7097
Ecommerce	204	0.95	4	0.9646	1.0000	0.4500	0.6207
Ecommerce	204	1.00	4	0.9357	0.0000	0.0000	0.0000
Artificial Intelligence	197	0.00	0	0.0641	0.0641	1.0000	0.1205
Artificial Intelligence	197	0.05	0	0.5641	0.1258	0.9750	0.2229
Artificial Intelligence	197	0.10	0	0.9279	0.4691	0.9500	0.6281
Artificial Intelligence	197	0.15	0	0.9696	0.6981	0.9250	0.7957
Artificial Intelligence	197	0.20	0	0.9808	0.8333	0.8750	0.8537
Artificial Intelligence	197	0.25	0	0.9856	0.8974	0.8750	0.8861
Artificial Intelligence	197	0.30	0	0.9888	0.9459	0.8750	0.9091
Artificial Intelligence	197	0.35	0	0.9888	0.9459	0.8750	0.9091
Artificial Intelligence	197	0.40	0	0.9888	0.9459	0.8750	0.9091
Artificial Intelligence	197	0.45	0	0.9872	0.9444	0.8500	0.8947
Artificial Intelligence	197	0.50	0	0.9888	1.0000	0.8250	0.9041
Artificial Intelligence	197	0.55	0	0.9888	1.0000	0.8250	0.9041
Artificial Intelligence	197	0.60	0	0.9872	1.0000	0.8000	0.8889
Artificial Intelligence	197	0.65	0	0.9872	1.0000	0.8000	0.8889
Artificial Intelligence	197	0.70	0	0.9856	1.0000	0.7750	0.8732
Artificial Intelligence	197	0.75	0	0.9856	1.0000	0.7750	0.8732
Artificial Intelligence	197	0.80	0	0.9840	1.0000	0.7500	0.8571
Artificial Intelligence	197	0.85	0	0.9824	1.0000	0.7250	0.8406
Artificial Intelligence	197	0.90	0	0.9760	1.0000	0.6250	0.7692
Artificial Intelligence	197	0.95	0	0.9679	1.0000	0.5000	0.6667
Artificial Intelligence	197	1.00	0	0.9359	0.0000	0.0000	0.0000
Artificial Intelligence	197	0.00	1	0.0641	0.0641	1.0000	0.1205
Artificial Intelligence	197	0.05	1	0.5304	0.1178	0.9750	0.2102
Artificial Intelligence	197	0.10	1	0.9231	0.4512	0.9250	0.6066
Artificial Intelligence	197	0.15	1	0.9647	0.6731	0.8750	0.7609
Artificial Intelligence	197	0.20	1	0.9760	0.7778	0.8750	0.8235
Artificial Intelligence	197	0.25	1	0.9824	0.8537	0.8750	0.8642
Artificial Intelligence	197	0.30	1	0.9840	0.8750	0.8750	0.8750
Artificial Intelligence	197	0.35	1	0.9856	0.8974	0.8750	0.8861
Artificial Intelligence	197	0.40	1	0.9872	0.9211	0.8750	0.8974
Artificial Intelligence	197	0.45	1	0.9872	0.9211	0.8750	0.8974
Artificial Intelligence	197	0.50	1	0.9872	0.9211	0.8750	0.8974
Artificial Intelligence	197	0.55	1	0.9856	0.9189	0.8500	0.8831
Artificial Intelligence	197	0.60	1	0.9856	0.9429	0.8250	0.8800
Artificial Intelligence	197	0.65	1	0.9840	0.9412	0.8000	0.8649
Artificial Intelligence	197	0.70	1	0.9840	0.9412	0.8000	0.8649
Artificial Intelligence	197	0.75	1	0.9808	0.9375	0.7500	0.8333
Artificial Intelligence	197	0.80	1	0.9792	0.9355	0.7250	0.8169
Artificial Intelligence	197	0.85	1	0.9712	0.9231	0.6000	0.7273
Artificial Intelligence	197	0.90	1	0.9712	0.9583	0.5750	0.7188
Artificial Intelligence	197	0.95	1	0.9663	0.9524	0.5000	0.6557
Artificial Intelligence	197	1.00	1	0.9359	0.0000	0.0000	0.0000
Artificial Intelligence	197	0.00	2	0.0627	0.0627	1.0000	0.1180
Artificial Intelligence	197	0.05	2	0.5289	0.1175	1.0000	0.2102
Artificial Intelligence	197	0.10	2	0.9132	0.4176	0.9744	0.5846
Artificial Intelligence	197	0.15	2	0.9711	0.6909	0.9744	0.8085
Artificial Intelligence	197	0.20	2	0.9855	0.8261	0.9744	0.8941
Artificial Intelligence	197	0.25	2	0.9936	0.9268	0.9744	0.9500
Artificial Intelligence	197	0.30	2	0.9887	0.9211	0.8974	0.9091
Artificial Intelligence	197	0.35	2	0.9855	0.9167	0.8462	0.8800
Artificial Intelligence	197	0.40	2	0.9855	0.9412	0.8205	0.8767
Artificial Intelligence	197	0.45	2	0.9823	0.9375	0.7692	0.8451
Artificial Intelligence	197	0.50	2	0.9839	0.9677	0.7692	0.8571
Artificial Intelligence	197	0.55	2	0.9807	0.9655	0.7179	0.8235
Artificial Intelligence	197	0.60	2	0.9807	0.9655	0.7179	0.8235
Artificial Intelligence	197	0.65	2	0.9791	0.9643	0.6923	0.8060
Artificial Intelligence	197	0.70	2	0.9791	0.9643	0.6923	0.8060
Artificial Intelligence	197	0.75	2	0.9775	0.9630	0.6667	0.7879
Artificial Intelligence	197	0.80	2	0.9743	0.9600	0.6154	0.7500
Artificial Intelligence	197	0.85	2	0.9662	0.9500	0.4872	0.6441
Artificial Intelligence	197	0.90	2	0.9646	0.9474	0.4615	0.6207
Artificial Intelligence	197	0.95	2	0.9566	0.9286	0.3333	0.4906
Artificial Intelligence	197	1.00	2	0.9373	0.0000	0.0000	0.0000
Artificial Intelligence	197	0.00	3	0.0627	0.0627	1.0000	0.1180
Artificial Intelligence	197	0.05	3	0.4727	0.1063	1.0000	0.1921
Artificial Intelligence	197	0.10	3	0.9373	0.5000	0.9744	0.6609
Artificial Intelligence	197	0.15	3	0.9775	0.7451	0.9744	0.8444
Artificial Intelligence	197	0.20	3	0.9887	0.8810	0.9487	0.9136
Artificial Intelligence	197	0.25	3	0.9904	0.9024	0.9487	0.9250
Artificial Intelligence	197	0.30	3	0.9936	0.9487	0.9487	0.9487
Artificial Intelligence	197	0.35	3	0.9936	0.9487	0.9487	0.9487
Artificial Intelligence	197	0.40	3	0.9936	0.9730	0.9231	0.9474
Artificial Intelligence	197	0.45	3	0.9936	0.9730	0.9231	0.9474
Artificial Intelligence	197	0.50	3	0.9920	0.9722	0.8974	0.9333
Artificial Intelligence	197	0.55	3	0.9920	0.9722	0.8974	0.9333
Artificial Intelligence	197	0.60	3	0.9904	0.9714	0.8718	0.9189
Artificial Intelligence	197	0.65	3	0.9887	0.9706	0.8462	0.9041
Artificial Intelligence	197	0.70	3	0.9887	0.9706	0.8462	0.9041
Artificial Intelligence	197	0.75	3	0.9839	0.9677	0.7692	0.8571
Artificial Intelligence	197	0.80	3	0.9823	1.0000	0.7179	0.8358
Artificial Intelligence	197	0.85	3	0.9807	1.0000	0.6923	0.8182
Artificial Intelligence	197	0.90	3	0.9759	1.0000	0.6154	0.7619
Artificial Intelligence	197	0.95	3	0.9646	1.0000	0.4359	0.6071
Artificial Intelligence	197	1.00	3	0.9373	0.0000	0.0000	0.0000
Artificial Intelligence	197	0.00	4	0.0627	0.0627	1.0000	0.1180
Artificial Intelligence	197	0.05	4	0.4646	0.1048	1.0000	0.1898
Artificial Intelligence	197	0.10	4	0.9148	0.4239	1.0000	0.5954
Artificial Intelligence	197	0.15	4	0.9630	0.6333	0.9744	0.7677
Artificial Intelligence	197	0.20	4	0.9839	0.8085	0.9744	0.8837
Artificial Intelligence	197	0.25	4	0.9839	0.8085	0.9744	0.8837
Artificial Intelligence	197	0.30	4	0.9887	0.8636	0.9744	0.9157
Artificial Intelligence	197	0.35	4	0.9920	0.9048	0.9744	0.9383
Artificial Intelligence	197	0.40	4	0.9887	0.9000	0.9231	0.9114
Artificial Intelligence	197	0.45	4	0.9904	0.9231	0.9231	0.9231
Artificial Intelligence	197	0.50	4	0.9936	0.9730	0.9231	0.9474
Artificial Intelligence	197	0.55	4	0.9920	0.9722	0.8974	0.9333
Artificial Intelligence	197	0.60	4	0.9904	0.9714	0.8718	0.9189
Artificial Intelligence	197	0.65	4	0.9855	0.9688	0.7949	0.8732
Artificial Intelligence	197	0.70	4	0.9855	0.9688	0.7949	0.8732
Artificial Intelligence	197	0.75	4	0.9871	1.0000	0.7949	0.8857
Artificial Intelligence	197	0.80	4	0.9823	1.0000	0.7179	0.8358
Artificial Intelligence	197	0.85	4	0.9759	1.0000	0.6154	0.7619
Artificial Intelligence	197	0.90	4	0.9743	1.0000	0.5897	0.7419
Artificial Intelligence	197	0.95	4	0.9711	1.0000	0.5385	0.7000
Artificial Intelligence	197	1.00	4	0.9373	0.0000	0.0000	0.0000
